#E y_xmax_even y_xmax_odd
0 59110.9 87448.2 
0.00775776 57429.9 86012.6 
0.0155155 55781.9 84597.4 
0.0232733 54166.4 83202.4 
0.031031 52582.9 81827.3 
0.0387888 51030.9 80471.8 
0.0465465 49509.8 79135.8 
0.0543043 48019.1 77818.9 
0.0620621 46558.4 76520.9 
0.0698198 45127.2 75241.6 
0.0775776 43725 73980.7 
0.0853353 42351.4 72738.1 
0.0930931 41005.8 71513.4 
0.100851 39687.8 70306.4 
0.108609 38397.1 69117 
0.116366 37133 67944.8 
0.124124 35895.2 66789.7 
0.131882 34683.3 65651.4 
0.13964 33496.8 64529.8 
0.147397 32335.3 63424.6 
0.155155 31198.4 62335.6 
0.162913 30085.7 61262.6 
0.170671 28996.8 60205.4 
0.178428 27931.2 59163.7 
0.186186 26888.7 58137.5 
0.193944 25868.8 57126.4 
0.201702 24871.1 56130.3 
0.209459 23895.2 55149 
0.217217 22940.8 54182.3 
0.224975 22007.6 53230 
0.232733 21095.1 52291.9 
0.24049 20203 51367.8 
0.248248 19331 50457.6 
0.256006 18478.7 49561.1 
0.263764 17645.8 48678 
0.271522 16831.9 47808.3 
0.279279 16036.7 46951.6 
0.287037 15259.9 46108 
0.294795 14501.2 45277.1 
0.302553 13760.2 44458.8 
0.31031 13036.7 43653 
0.318068 12330.3 42859.5 
0.325826 11640.7 42078.1 
0.333584 10967.7 41308.6 
0.341341 10310.9 40551 
0.349099 9670.09 39805 
0.356857 9044.93 39070.5 
0.364615 8435.16 38347.3 
0.372372 7840.5 37635.3 
0.38013 7260.69 36934.3 
0.387888 6695.44 36244.2 
0.395646 6144.51 35564.8 
0.403403 5607.62 34896.1 
0.411161 5084.53 34237.7 
0.418919 4574.97 33589.7 
0.426677 4078.71 32951.9 
0.434434 3595.5 32324 
0.442192 3125.09 31706.1 
0.44995 2667.25 31097.9 
0.457708 2221.74 30499.4 
0.465465 1788.33 29910.3 
0.473223 1366.8 29330.6 
0.480981 956.929 28760.1 
0.488739 558.486 28198.8 
0.496496 171.258 27646.4 
0.504254 -204.967 27102.8 
0.512012 -570.401 26568 
0.51977 -925.249 26041.9 
0.527528 -1269.72 25524.2 
0.535285 -1604 25014.9 
0.543043 -1928.31 24513.8 
0.550801 -2242.82 24020.9 
0.558559 -2547.74 23536.1 
0.566316 -2843.25 23059.1 
0.574074 -3129.54 22590 
0.581832 -3406.78 22128.5 
0.58959 -3675.17 21674.7 
0.597347 -3934.87 21228.3 
0.605105 -4186.07 20789.3 
0.612863 -4428.92 20357.6 
0.620621 -4663.61 19933.1 
0.628378 -4890.29 19515.6 
0.636136 -5109.14 19105.1 
0.643894 -5320.3 18701.5 
0.651652 -5523.95 18304.7 
0.659409 -5720.23 17914.5 
0.667167 -5909.3 17530.9 
0.674925 -6091.3 17153.8 
0.682683 -6266.4 16783.1 
0.69044 -6434.73 16418.7 
0.698198 -6596.43 16060.5 
0.705956 -6751.65 15708.5 
0.713714 -6900.53 15362.4 
0.721471 -7043.2 15022.3 
0.729229 -7179.8 14688.1 
0.736987 -7310.46 14359.7 
0.744745 -7435.31 14036.9 
0.752503 -7554.48 13719.8 
0.76026 -7668.09 13408.2 
0.768018 -7776.27 13102 
0.775776 -7879.14 12801.2 
0.783534 -7976.82 12505.7 
0.791291 -8069.42 12215.4 
0.799049 -8157.06 11930.2 
0.806807 -8239.86 11650.1 
0.814565 -8317.92 11374.9 
0.822322 -8391.36 11104.7 
0.83008 -8460.28 10839.3 
0.837838 -8524.8 10578.7 
0.845596 -8585 10322.8 
0.853353 -8641.01 10071.5 
0.861111 -8692.91 9824.73 
0.868869 -8740.81 9582.47 
0.876627 -8784.81 9344.62 
0.884384 -8824.99 9111.12 
0.892142 -8861.45 8881.91 
0.8999 -8894.29 8656.92 
0.907658 -8923.6 8436.09 
0.915415 -8949.46 8219.35 
0.923173 -8971.97 8006.64 
0.930931 -8991.2 7797.91 
0.938689 -9007.24 7593.08 
0.946446 -9020.18 7392.1 
0.954204 -9030.1 7194.91 
0.961962 -9037.07 7001.46 
0.96972 -9041.18 6811.68 
0.977477 -9042.5 6625.51 
0.985235 -9041.11 6442.91 
0.992993 -9037.08 6263.82 
1.00075 -9030.49 6088.17 
1.00851 -9021.4 5915.93 
1.01627 -9009.89 5747.03 
1.02402 -8996.02 5581.42 
1.03178 -8979.87 5419.06 
1.03954 -8961.5 5259.88 
1.0473 -8940.97 5103.84 
1.05506 -8918.35 4950.9 
1.06281 -8893.7 4800.99 
1.07057 -8867.09 4654.08 
1.07833 -8838.57 4510.11 
1.08609 -8808.2 4369.04 
1.09384 -8776.04 4230.82 
1.1016 -8742.15 4095.41 
1.10936 -8706.58 3962.76 
1.11712 -8669.39 3832.83 
1.12487 -8630.63 3705.56 
1.13263 -8590.36 3580.93 
1.14039 -8548.62 3458.88 
1.14815 -8505.47 3339.38 
1.15591 -8460.95 3222.38 
1.16366 -8415.12 3107.84 
1.17142 -8368.02 2995.73 
1.17918 -8319.7 2885.99 
1.18694 -8270.21 2778.6 
1.19469 -8219.58 2673.51 
1.20245 -8167.87 2570.69 
1.21021 -8115.12 2470.09 
1.21797 -8061.36 2371.69 
1.22573 -8006.64 2275.44 
1.23348 -7951 2181.31 
1.24124 -7894.48 2089.26 
1.249 -7837.12 1999.25 
1.25676 -7778.96 1911.26 
1.26451 -7720.02 1825.25 
1.27227 -7660.36 1741.18 
1.28003 -7600 1659.03 
1.28779 -7538.98 1578.75 
1.29555 -7477.33 1500.32 
1.3033 -7415.09 1423.71 
1.31106 -7352.29 1348.87 
1.31882 -7288.96 1275.8 
1.32658 -7225.13 1204.44 
1.33433 -7160.84 1134.78 
1.34209 -7096.1 1066.77 
1.34985 -7030.96 1000.41 
1.35761 -6965.43 935.646 
1.36537 -6899.55 872.46 
1.37312 -6833.35 810.824 
1.38088 -6766.84 750.708 
1.38864 -6700.06 692.088 
1.3964 -6633.03 634.934 
1.40415 -6565.78 579.222 
1.41191 -6498.33 524.925 
1.41967 -6430.7 472.019 
1.42743 -6362.91 420.476 
1.43519 -6294.99 370.274 
1.44294 -6226.97 321.387 
1.4507 -6158.85 273.792 
1.45846 -6090.67 227.465 
1.46622 -6022.44 182.382 
1.47397 -5954.18 138.52 
1.48173 -5885.91 95.8568 
1.48949 -5817.64 54.3702 
1.49725 -5749.41 14.038 
1.50501 -5681.22 -25.1613 
1.51276 -5613.1 -63.2492 
1.52052 -5545.05 -100.247 
1.52828 -5477.09 -136.174 
1.53604 -5409.25 -171.053 
1.54379 -5341.54 -204.902 
1.55155 -5273.96 -237.741 
1.55931 -5206.55 -269.59 
1.56707 -5139.3 -300.469 
1.57482 -5072.23 -330.395 
1.58258 -5005.37 -359.387 
1.59034 -4938.71 -387.465 
1.5981 -4872.27 -414.645 
1.60586 -4806.07 -440.946 
1.61361 -4740.12 -466.385 
1.62137 -4674.42 -490.979 
1.62913 -4609 -514.745 
1.63689 -4543.85 -537.699 
1.64464 -4478.99 -559.859 
1.6524 -4414.43 -581.24 
1.66016 -4350.19 -601.858 
1.66792 -4286.26 -621.729 
1.67568 -4222.66 -640.868 
1.68343 -4159.39 -659.29 
1.69119 -4096.48 -677.011 
1.69895 -4033.91 -694.044 
1.70671 -3971.71 -710.404 
1.71446 -3909.88 -726.106 
1.72222 -3848.42 -741.163 
1.72998 -3787.34 -755.59 
1.73774 -3726.66 -769.398 
1.7455 -3666.37 -782.603 
1.75325 -3606.49 -795.217 
1.76101 -3547.01 -807.253 
1.76877 -3487.95 -818.723 
1.77653 -3429.3 -829.64 
1.78428 -3371.08 -840.017 
1.79204 -3313.3 -849.865 
1.7998 -3255.94 -859.196 
1.80756 -3199.03 -868.021 
1.81532 -3142.56 -876.353 
1.82307 -3086.53 -884.202 
1.83083 -3030.96 -891.58 
1.83859 -2975.84 -898.498 
1.84635 -2921.19 -904.965 
1.8541 -2866.99 -910.993 
1.86186 -2813.26 -916.593 
1.86962 -2759.99 -921.773 
1.87738 -2707.2 -926.545 
1.88514 -2654.87 -930.917 
1.89289 -2603.03 -934.9 
1.90065 -2551.66 -938.504 
1.90841 -2500.77 -941.737 
1.91617 -2450.36 -944.608 
1.92392 -2400.43 -947.128 
1.93168 -2350.99 -949.303 
1.93944 -2302.03 -951.144 
1.9472 -2253.56 -952.659 
1.95495 -2205.57 -953.856 
1.96271 -2158.08 -954.744 
1.97047 -2111.07 -955.329 
1.97823 -2064.55 -955.622 
1.98599 -2018.53 -955.628 
1.99374 -1972.99 -955.357 
2.0015 -1927.95 -954.815 
2.00926 -1883.39 -954.01 
2.01702 -1839.33 -952.949 
2.02477 -1795.76 -951.639 
2.03253 -1752.68 -950.088 
2.04029 -1710.09 -948.301 
2.04805 -1667.98 -946.287 
2.05581 -1626.37 -944.051 
2.06356 -1585.24 -941.6 
2.07132 -1544.6 -938.941 
2.07908 -1504.45 -936.079 
2.08684 -1464.79 -933.021 
2.09459 -1425.6 -929.773 
2.10235 -1386.9 -926.341 
2.11011 -1348.69 -922.73 
2.11787 -1310.95 -918.947 
2.12563 -1273.69 -914.996 
2.13338 -1236.91 -910.884 
2.14114 -1200.61 -906.615 
2.1489 -1164.78 -902.195 
2.15666 -1129.42 -897.63 
2.16441 -1094.53 -892.923 
2.17217 -1060.11 -888.081 
2.17993 -1026.16 -883.108 
2.18769 -992.669 -878.008 
2.19545 -959.643 -872.787 
2.2032 -927.078 -867.449 
2.21096 -894.97 -861.999 
2.21872 -863.318 -856.44 
2.22648 -832.12 -850.777 
2.23423 -801.372 -845.015 
2.24199 -771.073 -839.158 
2.24975 -741.22 -833.209 
2.25751 -711.811 -827.173 
2.26527 -682.842 -821.053 
2.27302 -654.312 -814.854 
2.28078 -626.217 -808.578 
2.28854 -598.555 -802.23 
2.2963 -571.323 -795.814 
2.30405 -544.518 -789.331 
2.31181 -518.138 -782.788 
2.31957 -492.179 -776.185 
2.32733 -466.638 -769.527 
2.33509 -441.514 -762.817 
2.34284 -416.802 -756.058 
2.3506 -392.5 -749.253 
2.35836 -368.604 -742.405 
2.36612 -345.112 -735.518 
2.37387 -322.021 -728.592 
2.38163 -299.326 -721.633 
2.38939 -277.026 -714.642 
2.39715 -255.118 -707.622 
2.4049 -233.597 -700.575 
2.41266 -212.46 -693.505 
2.42042 -191.706 -686.413 
2.42818 -171.329 -679.302 
2.43594 -151.328 -672.175 
2.44369 -131.698 -665.033 
2.45145 -112.437 -657.88 
2.45921 -93.541 -650.716 
2.46697 -75.0069 -643.545 
2.47472 -56.8315 -636.368 
2.48248 -39.0112 -629.187 
2.49024 -21.5429 -622.005 
2.498 -4.42328 -614.823 
2.50576 12.3511 -607.644 
2.51351 28.7836 -600.468 
2.52127 44.8775 -593.299 
2.52903 60.6362 -586.136 
2.53679 76.0631 -578.984 
2.54454 91.1614 -571.842 
2.5523 105.935 -564.712 
2.56006 120.386 -557.597 
2.56782 134.519 -550.497 
2.57558 148.337 -543.415 
2.58333 161.844 -536.35 
2.59109 175.042 -529.306 
2.59885 187.935 -522.283 
2.60661 200.526 -515.283 
2.61436 212.819 -508.306 
2.62212 224.818 -501.355 
2.62988 236.524 -494.429 
2.63764 247.943 -487.531 
2.6454 259.076 -480.662 
2.65315 269.928 -473.823 
2.66091 280.502 -467.014 
2.66867 290.801 -460.236 
2.67643 300.828 -453.492 
2.68418 310.586 -446.781 
2.69194 320.08 -440.105 
2.6997 329.311 -433.464 
2.70746 338.284 -426.86 
2.71522 347.002 -420.293 
2.72297 355.467 -413.763 
2.73073 363.683 -407.273 
2.73849 371.654 -400.822 
2.74625 379.382 -394.411 
2.754 386.871 -388.041 
2.76176 394.124 -381.713 
2.76952 401.143 -375.427 
2.77728 407.933 -369.184 
2.78504 414.495 -362.984 
2.79279 420.834 -356.828 
2.80055 426.953 -350.717 
2.80831 432.854 -344.65 
2.81607 438.54 -338.629 
2.82382 444.015 -332.654 
2.83158 449.281 -326.725 
2.83934 454.342 -320.843 
2.8471 459.201 -315.009 
2.85485 463.86 -309.221 
2.86261 468.322 -303.482 
2.87037 472.591 -297.791 
2.87813 476.669 -292.149 
2.88589 480.56 -286.555 
2.89364 484.265 -281.011 
2.9014 487.789 -275.516 
2.90916 491.133 -270.071 
2.91692 494.3 -264.675 
2.92467 497.295 -259.33 
2.93243 500.118 -254.035 
2.94019 502.773 -248.79 
2.94795 505.263 -243.596 
2.95571 507.59 -238.452 
2.96346 509.757 -233.36 
2.97122 511.767 -228.318 
2.97898 513.623 -223.327 
2.98674 515.326 -218.388 
2.99449 516.88 -213.5 
3.00225 518.287 -208.663 
3.01001 519.55 -203.877 
3.01777 520.672 -199.143 
3.02553 521.654 -194.459 
3.03328 522.5 -189.828 
3.04104 523.211 -185.247 
3.0488 523.791 -180.718 
3.05656 524.241 -176.24 
3.06431 524.565 -171.813 
3.07207 524.765 -167.437 
3.07983 524.842 -163.113 
3.08759 524.799 -158.839 
3.09535 524.64 -154.616 
3.1031 524.365 -150.444 
3.11086 523.977 -146.323 
3.11862 523.479 -142.252 
3.12638 522.873 -138.232 
3.13413 522.161 -134.262 
3.14189 521.344 -130.342 
3.14965 520.427 -126.472 
3.15741 519.409 -122.652 
3.16517 518.294 -118.881 
3.17292 517.085 -115.16 
3.18068 515.781 -111.489 
3.18844 514.387 -107.866 
3.1962 512.904 -104.292 
3.20395 511.334 -100.767 
3.21171 509.678 -97.2906 
3.21947 507.94 -93.8623 
3.22723 506.121 -90.482 
3.23498 504.222 -87.1495 
3.24274 502.246 -83.8645 
3.2505 500.195 -80.6268 
3.25826 498.071 -77.4362 
3.26602 495.875 -74.2923 
3.27377 493.609 -71.195 
3.28153 491.275 -68.144 
3.28929 488.875 -65.1389 
3.29705 486.41 -62.1796 
3.3048 483.883 -59.2657 
3.31256 481.295 -56.397 
3.32032 478.647 -53.5732 
3.32808 475.942 -50.7939 
3.33584 473.181 -48.059 
3.34359 470.366 -45.368 
3.35135 467.498 -42.7207 
3.35911 464.58 -40.1168 
3.36687 461.611 -37.5559 
3.37462 458.595 -35.0379 
3.38238 455.533 -32.5622 
3.39014 452.425 -30.1287 
3.3979 449.274 -27.737 
3.40566 446.082 -25.3868 
3.41341 442.849 -23.0777 
3.42117 439.576 -20.8095 
3.42893 436.267 -18.5818 
3.43669 432.921 -16.3942 
3.44444 429.54 -14.2465 
3.4522 426.126 -12.1383 
3.45996 422.68 -10.0693 
3.46772 419.203 -8.03907 
3.47548 415.697 -6.04736 
3.48323 412.162 -4.09379 
3.49099 408.601 -2.17804 
3.49875 405.014 -0.299756 
3.50651 401.402 1.54141 
3.51426 397.767 3.34579 
3.52202 394.111 5.11375 
3.52978 390.433 6.84561 
3.53754 386.735 8.54174 
3.5453 383.019 10.2025 
3.55305 379.286 11.8282 
3.56081 375.536 13.4192 
3.56857 371.771 14.9758 
3.57633 367.992 16.4985 
3.58408 364.199 17.9875 
3.59184 360.394 19.4432 
3.5996 356.579 20.8659 
3.60736 352.753 22.2561 
3.61512 348.918 23.614 
3.62287 345.075 24.9399 
3.63063 341.224 26.2344 
3.63839 337.368 27.4976 
3.64615 333.506 28.7299 
3.6539 329.639 29.9317 
3.66166 325.769 31.1034 
3.66942 321.896 32.2452 
3.67718 318.022 33.3576 
3.68493 314.146 34.4408 
3.69269 310.27 35.4952 
3.70045 306.395 36.5211 
3.70821 302.521 37.519 
3.71597 298.649 38.4891 
3.72372 294.78 39.4317 
3.73148 290.915 40.3472 
3.73924 287.054 41.236 
3.747 283.199 42.0984 
3.75475 279.349 42.9346 
3.76251 275.506 43.7451 
3.77027 271.67 44.5302 
3.77803 267.841 45.2902 
3.78579 264.022 46.0254 
3.79354 260.211 46.7362 
3.8013 256.41 47.4229 
3.80906 252.62 48.0857 
3.81682 248.84 48.7252 
3.82457 245.072 49.3414 
3.83233 241.317 49.9349 
3.84009 237.573 50.5058 
3.84785 233.844 51.0546 
3.85561 230.127 51.5815 
3.86336 226.425 52.0868 
3.87112 222.738 52.5709 
3.87888 219.066 53.034 
3.88664 215.41 53.4765 
3.89439 211.77 53.8987 
3.90215 208.147 54.3008 
3.90991 204.54 54.6832 
3.91767 200.952 55.0462 
3.92543 197.381 55.3901 
3.93318 193.829 55.7152 
3.94094 190.295 56.0217 
3.9487 186.781 56.31 
3.95646 183.286 56.5803 
3.96421 179.811 56.8329 
3.97197 176.357 57.0682 
3.97973 172.923 57.2864 
3.98749 169.51 57.4878 
3.99525 166.118 57.6726 
4.003 162.748 57.8412 
4.01076 159.4 57.9938 
4.01852 156.074 58.1307 
4.02628 152.77 58.2522 
4.03403 149.49 58.3585 
4.04179 146.232 58.4499 
4.04955 142.998 58.5267 
4.05731 139.787 58.5891 
4.06507 136.6 58.6374 
4.07282 133.438 58.6718 
4.08058 130.299 58.6927 
4.08834 127.185 58.7002 
4.0961 124.096 58.6946 
4.10385 121.031 58.6761 
4.11161 117.992 58.6451 
4.11937 114.978 58.6017 
4.12713 111.989 58.5462 
4.13488 109.026 58.4789 
4.14264 106.088 58.3999 
4.1504 103.177 58.3095 
4.15816 100.292 58.2079 
4.16592 97.4325 58.0954 
4.17367 94.5996 57.9723 
4.18143 91.7932 57.8386 
4.18919 89.0133 57.6947 
4.19695 86.2601 57.5408 
4.2047 83.5337 57.377 
4.21246 80.8341 57.2037 
4.22022 78.1614 57.021 
4.22798 75.5158 56.8291 
4.23574 72.8972 56.6283 
4.24349 70.3058 56.4187 
4.25125 67.7417 56.2006 
4.25901 65.2047 55.9741 
4.26677 62.6952 55.7396 
4.27452 60.2129 55.4971 
4.28228 57.7581 55.2468 
4.29004 55.3306 54.9891 
4.2978 52.9307 54.724 
4.30556 50.5581 54.4517 
4.31331 48.2131 54.1725 
4.32107 45.8956 53.8864 
4.32883 43.6055 53.5938 
4.33659 41.3429 53.2948 
4.34434 39.1078 52.9896 
4.3521 36.9001 52.6783 
4.35986 34.7199 52.3611 
4.36762 32.5672 52.0382 
4.37538 30.4418 51.7098 
4.38313 28.3437 51.376 
4.39089 26.273 51.037 
4.39865 24.2296 50.693 
4.40641 22.2133 50.3441 
4.41416 20.2243 49.9905 
4.42192 18.2624 49.6323 
4.42968 16.3276 49.2698 
4.43744 14.4197 48.903 
4.4452 12.5389 48.5321 
4.45295 10.6848 48.1573 
4.46071 8.85758 47.7787 
4.46847 7.05705 47.3965 
4.47623 5.28314 47.0107 
4.48398 3.53578 46.6217 
4.49174 1.81487 46.2294 
4.4995 0.120322 45.834 
4.50726 -1.54797 45.4357 
4.51502 -3.19009 45.0345 
4.52277 -4.80616 44.6307 
4.53053 -6.39627 44.2244 
4.53829 -7.96054 43.8157 
4.54605 -9.49908 43.4046 
4.5538 -11.012 42.9914 
4.56156 -12.4994 42.5762 
4.56932 -13.9615 42.159 
4.57708 -15.3983 41.7401 
4.58483 -16.8099 41.3194 
4.59259 -18.1966 40.8972 
4.60035 -19.5584 40.4736 
4.60811 -20.8955 40.0486 
4.61587 -22.2079 39.6224 
4.62362 -23.4959 39.195 
4.63138 -24.7596 38.7667 
4.63914 -25.9992 38.3374 
4.6469 -27.2146 37.9074 
4.65465 -28.4062 37.4766 
4.66241 -29.5741 37.0452 
4.67017 -30.7184 36.6133 
4.67793 -31.8392 36.1811 
4.68569 -32.9368 35.7484 
4.69344 -34.0113 35.3156 
4.7012 -35.0628 34.8827 
4.70896 -36.0915 34.4497 
4.71672 -37.0975 34.0167 
4.72447 -38.0811 33.5839 
4.73223 -39.0424 33.1513 
4.73999 -39.9815 32.719 
4.74775 -40.8987 32.2871 
4.75551 -41.794 31.8556 
4.76326 -42.6677 31.4247 
4.77102 -43.5199 30.9944 
4.77878 -44.3508 30.5648 
4.78654 -45.1606 30.136 
4.79429 -45.9495 29.708 
4.80205 -46.7175 29.2809 
4.80981 -47.465 28.8548 
4.81757 -48.1921 28.4298 
4.82533 -48.8989 28.0059 
4.83308 -49.5856 27.5831 
4.84084 -50.2525 27.1616 
4.8486 -50.8997 26.7415 
4.85636 -51.5273 26.3227 
4.86411 -52.1356 25.9053 
4.87187 -52.7248 25.4894 
4.87963 -53.2949 25.0751 
4.88739 -53.8463 24.6624 
4.89515 -54.3791 24.2513 
4.9029 -54.8934 23.8419 
4.91066 -55.3895 23.4343 
4.91842 -55.8676 23.0286 
4.92618 -56.3278 22.6247 
4.93393 -56.7703 22.2227 
4.94169 -57.1953 21.8226 
4.94945 -57.603 21.4246 
4.95721 -57.9936 21.0286 
4.96496 -58.3672 20.6348 
4.97272 -58.7241 20.243 
4.98048 -59.0645 19.8535 
4.98824 -59.3884 19.4661 
4.996 -59.6962 19.081 
5.00375 -59.988 18.6983 
5.01151 -60.2639 18.3178 
5.01927 -60.5242 17.9397 
5.02703 -60.7691 17.5641 
5.03478 -60.9988 17.1908 
5.04254 -61.2133 16.8201 
5.0503 -61.413 16.4518 
5.05806 -61.598 16.0861 
5.06582 -61.7685 15.7229 
5.07357 -61.9246 15.3623 
5.08133 -62.0666 15.0044 
5.08909 -62.1947 14.6491 
5.09685 -62.309 14.2964 
5.1046 -62.4097 13.9465 
5.11236 -62.497 13.5993 
5.12012 -62.571 13.2548 
5.12788 -62.6321 12.9131 
5.13564 -62.6802 12.5741 
5.14339 -62.7157 12.238 
5.15115 -62.7387 11.9047 
5.15891 -62.7494 11.5742 
5.16667 -62.748 11.2467 
5.17442 -62.7346 10.9219 
5.18218 -62.7094 10.6001 
5.18994 -62.6727 10.2812 
5.1977 -62.6245 9.96521 
5.20546 -62.565 9.65216 
5.21321 -62.4945 9.34206 
5.22097 -62.4131 9.03492 
5.22873 -62.321 8.73076 
5.23649 -62.2183 8.42957 
5.24424 -62.1053 8.13138 
5.252 -61.982 7.8362 
5.25976 -61.8488 7.54402 
5.26752 -61.7056 7.25487 
5.27528 -61.5528 6.96874 
5.28303 -61.3905 6.68564 
5.29079 -61.2188 6.40558 
5.29855 -61.0379 6.12856 
5.30631 -60.848 5.85458 
5.31406 -60.6492 5.58366 
5.32182 -60.4418 5.3158 
5.32958 -60.2258 5.05098 
5.33734 -60.0015 4.78923 
5.3451 -59.7689 4.53054 
5.35285 -59.5283 4.2749 
5.36061 -59.2799 4.02233 
5.36837 -59.0237 3.77281 
5.37613 -58.7599 3.52636 
5.38388 -58.4887 3.28296 
5.39164 -58.2103 3.04261 
5.3994 -57.9247 2.80532 
5.40716 -57.6322 2.57107 
5.41491 -57.3329 2.33988 
5.42267 -57.027 2.11172 
5.43043 -56.7145 1.8866 
5.43819 -56.3957 1.66451 
5.44595 -56.0708 1.44544 
5.4537 -55.7397 1.2294 
5.46146 -55.4028 1.01637 
5.46922 -55.06 0.806347 
5.47698 -54.7117 0.599322 
5.48473 -54.3579 0.395288 
5.49249 -53.9987 0.194237 
5.50025 -53.6344 -0.00383967 
5.50801 -53.2649 -0.198951 
5.51577 -52.8906 -0.391106 
5.52352 -52.5115 -0.580315 
5.53128 -52.1277 -0.766589 
5.53904 -51.7394 -0.949937 
5.5468 -51.3467 -1.13037 
5.55455 -50.9498 -1.3079 
5.56231 -50.5487 -1.48254 
5.57007 -50.1437 -1.6543 
5.57783 -49.7348 -1.82319 
5.58559 -49.3221 -1.98923 
5.59334 -48.9058 -2.15242 
5.6011 -48.4861 -2.31279 
5.60886 -48.063 -2.47034 
5.61662 -47.6366 -2.62509 
5.62437 -47.2071 -2.77705 
5.63213 -46.7746 -2.92624 
5.63989 -46.3393 -3.07267 
5.64765 -45.9011 -3.21636 
5.65541 -45.4603 -3.35732 
5.66316 -45.017 -3.49556 
5.67092 -44.5712 -3.63111 
5.67868 -44.1232 -3.76398 
5.68644 -43.6729 -3.89418 
5.69419 -43.2206 -4.02173 
5.70195 -42.7662 -4.14665 
5.70971 -42.31 -4.26896 
5.71747 -41.8521 -4.38866 
5.72523 -41.3924 -4.50578 
5.73298 -40.9312 -4.62034 
5.74074 -40.4686 -4.73236 
5.7485 -40.0046 -4.84184 
5.75626 -39.5393 -4.94881 
5.76401 -39.0729 -5.05329 
5.77177 -38.6054 -5.15529 
5.77953 -38.137 -5.25483 
5.78729 -37.6677 -5.35194 
5.79505 -37.1976 -5.44663 
5.8028 -36.7268 -5.53892 
5.81056 -36.2555 -5.62882 
5.81832 -35.7837 -5.71636 
5.82608 -35.3114 -5.80156 
5.83383 -34.8389 -5.88443 
5.84159 -34.3661 -5.965 
5.84935 -33.8931 -6.04328 
5.85711 -33.4201 -6.11929 
5.86486 -32.9471 -6.19306 
5.87262 -32.4743 -6.2646 
5.88038 -32.0016 -6.33394 
5.88814 -31.5292 -6.40109 
5.8959 -31.0571 -6.46607 
5.90365 -30.5854 -6.5289 
5.91141 -30.1143 -6.58961 
5.91917 -29.6437 -6.64821 
5.92693 -29.1737 -6.70472 
5.93468 -28.7045 -6.75917 
5.94244 -28.2361 -6.81157 
5.9502 -27.7685 -6.86195 
5.95796 -27.3019 -6.91032 
5.96572 -26.8363 -6.95671 
5.97347 -26.3717 -7.00114 
5.98123 -25.9083 -7.04362 
5.98899 -25.4461 -7.08418 
5.99675 -24.9851 -7.12283 
6.0045 -24.5255 -7.15961 
6.01226 -24.0673 -7.19453 
6.02002 -23.6105 -7.2276 
6.02778 -23.1552 -7.25886 
6.03554 -22.7015 -7.28832 
6.04329 -22.2494 -7.316 
6.05105 -21.799 -7.34192 
6.05881 -21.3504 -7.36611 
6.06657 -20.9035 -7.38858 
6.07432 -20.4585 -7.40935 
6.08208 -20.0154 -7.42845 
6.08984 -19.5742 -7.4459 
6.0976 -19.1351 -7.46171 
6.10536 -18.698 -7.47591 
6.11311 -18.263 -7.48852 
6.12087 -17.8301 -7.49956 
6.12863 -17.3994 -7.50904 
6.13639 -16.971 -7.51699 
6.14414 -16.5449 -7.52344 
6.1519 -16.1211 -7.52839 
6.15966 -15.6996 -7.53187 
6.16742 -15.2806 -7.5339 
6.17518 -14.864 -7.53451 
6.18293 -14.4499 -7.5337 
6.19069 -14.0383 -7.5315 
6.19845 -13.6294 -7.52794 
6.20621 -13.223 -7.52302 
6.21396 -12.8192 -7.51678 
6.22172 -12.4182 -7.50923 
6.22948 -12.0198 -7.50038 
6.23724 -11.6242 -7.49027 
6.24499 -11.2313 -7.4789 
6.25275 -10.8413 -7.46631 
6.26051 -10.4541 -7.4525 
6.26827 -10.0698 -7.4375 
6.27603 -9.68834 -7.42133 
6.28378 -9.30983 -7.404 
6.29154 -8.93427 -7.38554 
6.2993 -8.56169 -7.36596 
6.30706 -8.19211 -7.34529 
6.31481 -7.82557 -7.32354 
6.32257 -7.46207 -7.30073 
6.33033 -7.10165 -7.27688 
6.33809 -6.74432 -7.25201 
6.34585 -6.39011 -7.22614 
6.3536 -6.03905 -7.19928 
6.36136 -5.69114 -7.17145 
6.36912 -5.34641 -7.14268 
6.37688 -5.00487 -7.11298 
6.38463 -4.66655 -7.08236 
6.39239 -4.33147 -7.05085 
6.40015 -3.99963 -7.01847 
6.40791 -3.67105 -6.98522 
6.41567 -3.34575 -6.95114 
6.42342 -3.02374 -6.91623 
6.43118 -2.70503 -6.88051 
6.43894 -2.38964 -6.84401 
6.4467 -2.07758 -6.80673 
6.45445 -1.76886 -6.7687 
6.46221 -1.46349 -6.72993 
6.46997 -1.16148 -6.69044 
6.47773 -0.862845 -6.65024 
6.48549 -0.567583 -6.60936 
6.49324 -0.275708 -6.5678 
6.501 0.0127752 -6.52559 
6.50876 0.297858 -6.48274 
6.51652 0.579536 -6.43927 
6.52427 0.857803 -6.39519 
6.53203 1.13265 -6.35052 
6.53979 1.40409 -6.30527 
6.54755 1.6721 -6.25947 
6.55531 1.93668 -6.21312 
6.56306 2.19783 -6.16623 
6.57082 2.45556 -6.11884 
6.57858 2.70985 -6.07095 
6.58634 2.96071 -6.02257 
6.59409 3.20814 -5.97372 
6.60185 3.45214 -5.92442 
6.60961 3.69271 -5.87467 
6.61737 3.92985 -5.82451 
6.62513 4.16356 -5.77393 
6.63288 4.39384 -5.72295 
6.64064 4.62071 -5.67159 
6.6484 4.84416 -5.61986 
6.65616 5.06419 -5.56777 
6.66391 5.28082 -5.51535 
6.67167 5.49404 -5.46259 
6.67943 5.70387 -5.40952 
6.68719 5.9103 -5.35615 
6.69494 6.11334 -5.30249 
6.7027 6.31301 -5.24855 
6.71046 6.50931 -5.19435 
6.71822 6.70224 -5.1399 
6.72598 6.89181 -5.08521 
6.73373 7.07804 -5.0303 
6.74149 7.26093 -4.97517 
6.74925 7.44049 -4.91984 
6.75701 7.61674 -4.86433 
6.76476 7.78967 -4.80863 
6.77252 7.95931 -4.75277 
6.78028 8.12566 -4.69676 
6.78804 8.28874 -4.64061 
6.7958 8.44855 -4.58433 
6.80355 8.60511 -4.52792 
6.81131 8.75844 -4.47141 
6.81907 8.90853 -4.4148 
6.82683 9.05542 -4.35811 
6.83458 9.1991 -4.30133 
6.84234 9.3396 -4.2445 
6.8501 9.47693 -4.18761 
6.85786 9.61111 -4.13067 
6.86562 9.74214 -4.0737 
6.87337 9.87005 -4.01671 
6.88113 9.99484 -3.9597 
6.88889 10.1165 -3.90269 
6.89665 10.2352 -3.84568 
6.9044 10.3507 -3.78869 
6.91216 10.4632 -3.73172 
6.91992 10.5727 -3.67478 
6.92768 10.6792 -3.61789 
6.93544 10.7827 -3.56105 
6.94319 10.8832 -3.50427 
6.95095 10.9807 -3.44756 
6.95871 11.0753 -3.39093 
6.96647 11.167 -3.33438 
6.97422 11.2558 -3.27793 
6.98198 11.3417 -3.22158 
6.98974 11.4247 -3.16534 
6.9975 11.5049 -3.10922 
7.00526 11.5822 -3.05323 
7.01301 11.6568 -2.99737 
7.02077 11.7285 -2.94166 
7.02853 11.7975 -2.88609 
7.03629 11.8637 -2.83069 
7.04404 11.9272 -2.77544 
7.0518 11.9881 -2.72037 
7.05956 12.0462 -2.66548 
7.06732 12.1016 -2.61077 
7.07508 12.1544 -2.55626 
7.08283 12.2046 -2.50195 
7.09059 12.2522 -2.44784 
7.09835 12.2972 -2.39394 
7.10611 12.3397 -2.34026 
7.11386 12.3796 -2.28681 
7.12162 12.417 -2.23358 
7.12938 12.4519 -2.18059 
7.13714 12.4844 -2.12785 
7.14489 12.5144 -2.07535 
7.15265 12.5419 -2.02311 
7.16041 12.5671 -1.97113 
7.16817 12.5899 -1.91941 
7.17593 12.6103 -1.86796 
7.18368 12.6285 -1.81679 
7.19144 12.6442 -1.7659 
7.1992 12.6577 -1.71529 
7.20696 12.669 -1.66497 
7.21471 12.678 -1.61495 
7.22247 12.6848 -1.56522 
7.23023 12.6893 -1.51581 
7.23799 12.6918 -1.4667 
7.24575 12.692 -1.4179 
7.2535 12.6902 -1.36942 
7.26126 12.6862 -1.32126 
7.26902 12.6802 -1.27342 
7.27678 12.6721 -1.22592 
7.28453 12.662 -1.17875 
7.29229 12.6498 -1.13191 
7.30005 12.6357 -1.08541 
7.30781 12.6196 -1.03926 
7.31557 12.6016 -0.993458 
7.32332 12.5817 -0.948003 
7.33108 12.5599 -0.902903 
7.33884 12.5362 -0.858159 
7.3466 12.5107 -0.813775 
7.35435 12.4834 -0.769754 
7.36211 12.4543 -0.726098 
7.36987 12.4234 -0.682811 
7.37763 12.3908 -0.639895 
7.38539 12.3564 -0.597352 
7.39314 12.3204 -0.555186 
7.4009 12.2827 -0.513398 
7.40866 12.2433 -0.471991 
7.41642 12.2023 -0.430967 
7.42417 12.1597 -0.390328 
7.43193 12.1155 -0.350076 
7.43969 12.0698 -0.310214 
7.44745 12.0225 -0.270742 
7.45521 11.9738 -0.231664 
7.46296 11.9235 -0.192979 
7.47072 11.8718 -0.154692 
7.47848 11.8187 -0.116802 
7.48624 11.7641 -0.0793106 
7.49399 11.7082 -0.0422203 
7.50175 11.6508 -0.00553191 
7.50951 11.5922 0.0307533 
7.51727 11.5322 0.0666343 
7.52503 11.4709 0.10211 
7.53278 11.4084 0.137179 
7.54054 11.3446 0.171841 
7.5483 11.2796 0.206094 
7.55606 11.2133 0.239939 
7.56381 11.1459 0.273374 
7.57157 11.0774 0.306399 
7.57933 11.0076 0.339012 
7.58709 10.9368 0.371215 
7.59484 10.8649 0.403005 
7.6026 10.7919 0.434383 
7.61036 10.7179 0.465349 
7.61812 10.6428 0.495902 
7.62588 10.5668 0.526042 
7.63363 10.4898 0.555769 
7.64139 10.4118 0.585083 
7.64915 10.3328 0.613984 
7.65691 10.253 0.642472 
7.66466 10.1723 0.670548 
7.67242 10.0906 0.69821 
7.68018 10.0082 0.72546 
7.68794 9.9249 0.752299 
7.6957 9.84081 0.778725 
7.70345 9.75593 0.804741 
7.71121 9.67028 0.830345 
7.71897 9.58389 0.85554 
7.72673 9.49678 0.880325 
7.73448 9.40896 0.904701 
7.74224 9.32046 0.928669 
7.75 9.2313 0.95223 
