#E y_xmax(l)
1.25 1.09753e+19 8.17827e+19 3.24276e+20 1.1741e+21
1.25951 1.03111e+19 7.94663e+19 3.16697e+20 1.14959e+21
1.26902 9.6716e+18 7.72095e+19 3.09285e+20 1.12557e+21
1.27853 9.05611e+18 7.5011e+19 3.02037e+20 1.10203e+21
1.28804 8.46389e+18 7.28692e+19 2.9495e+20 1.07896e+21
1.29755 7.89423e+18 7.07829e+19 2.8802e+20 1.05636e+21
1.30706 7.34643e+18 6.87508e+19 2.81244e+20 1.03421e+21
1.31657 6.81982e+18 6.67714e+19 2.74618e+20 1.01251e+21
1.32608 6.31373e+18 6.48437e+19 2.6814e+20 9.91237e+20
1.33559 5.82754e+18 6.29662e+19 2.61806e+20 9.70397e+20
1.3451 5.36062e+18 6.11379e+19 2.55614e+20 9.49977e+20
1.3546 4.91237e+18 5.93574e+19 2.49559e+20 9.29968e+20
1.36411 4.48219e+18 5.76238e+19 2.4364e+20 9.10363e+20
1.37362 4.06952e+18 5.59357e+19 2.37854e+20 8.91155e+20
1.38313 3.6738e+18 5.42922e+19 2.32197e+20 8.72334e+20
1.39264 3.29449e+18 5.26921e+19 2.26667e+20 8.53894e+20
1.40215 2.93106e+18 5.11344e+19 2.21261e+20 8.35828e+20
1.41166 2.583e+18 4.96181e+19 2.15977e+20 8.18127e+20
1.42117 2.24982e+18 4.8142e+19 2.10812e+20 8.00786e+20
1.43068 1.93103e+18 4.67054e+19 2.05763e+20 7.83796e+20
1.44019 1.62617e+18 4.53071e+19 2.00828e+20 7.67152e+20
1.4497 1.33477e+18 4.39462e+19 1.96004e+20 7.50846e+20
1.45921 1.05639e+18 4.26219e+19 1.9129e+20 7.34871e+20
1.46872 7.906e+17 4.13332e+19 1.86682e+20 7.19222e+20
1.47823 5.36984e+17 4.00792e+19 1.82179e+20 7.03892e+20
1.48774 2.95133e+17 3.88591e+19 1.77777e+20 6.88875e+20
1.49725 6.46515e+16 3.7672e+19 1.73476e+20 6.74164e+20
1.50676 -1.54845e+17 3.65172e+19 1.69273e+20 6.59753e+20
1.51627 -3.6373e+17 3.53938e+19 1.65166e+20 6.45637e+20
1.52578 -5.62366e+17 3.4301e+19 1.61152e+20 6.3181e+20
1.53529 -7.51105e+17 3.32382e+19 1.5723e+20 6.18267e+20
1.54479 -9.30289e+17 3.22044e+19 1.53397e+20 6.05001e+20
1.5543 -1.10025e+18 3.1199e+19 1.49653e+20 5.92007e+20
1.56381 -1.26131e+18 3.02214e+19 1.45994e+20 5.7928e+20
1.57332 -1.41378e+18 2.92707e+19 1.42419e+20 5.66814e+20
1.58283 -1.55797e+18 2.83463e+19 1.38926e+20 5.54605e+20
1.59234 -1.69417e+18 2.74476e+19 1.35514e+20 5.42647e+20
1.60185 -1.82267e+18 2.65739e+19 1.3218e+20 5.30936e+20
1.61136 -1.94375e+18 2.57246e+19 1.28923e+20 5.19466e+20
1.62087 -2.05766e+18 2.4899e+19 1.25741e+20 5.08232e+20
1.63038 -2.16469e+18 2.40966e+19 1.22633e+20 4.97231e+20
1.63989 -2.26507e+18 2.33167e+19 1.19597e+20 4.86457e+20
1.6494 -2.35907e+18 2.25588e+19 1.16631e+20 4.75907e+20
1.65891 -2.4469e+18 2.18223e+19 1.13734e+20 4.65574e+20
1.66842 -2.52881e+18 2.11068e+19 1.10905e+20 4.55456e+20
1.67793 -2.60503e+18 2.04115e+19 1.08141e+20 4.45548e+20
1.68744 -2.67576e+18 1.97361e+19 1.05442e+20 4.35846e+20
1.69695 -2.74122e+18 1.90799e+19 1.02806e+20 4.26345e+20
1.70646 -2.80162e+18 1.84426e+19 1.00231e+20 4.17042e+20
1.71597 -2.85715e+18 1.78236e+19 9.77166e+19 4.07932e+20
1.72548 -2.908e+18 1.72225e+19 9.52612e+19 3.99013e+20
1.73498 -2.95436e+18 1.66387e+19 9.28633e+19 3.90279e+20
1.74449 -2.99642e+18 1.60719e+19 9.05218e+19 3.81728e+20
1.754 -3.03434e+18 1.55215e+19 8.82355e+19 3.73356e+20
1.76351 -3.06829e+18 1.49872e+19 8.60029e+19 3.65158e+20
1.77302 -3.09844e+18 1.44686e+19 8.38231e+19 3.57133e+20
1.78253 -3.12496e+18 1.39652e+19 8.16948e+19 3.49275e+20
1.79204 -3.14798e+18 1.34766e+19 7.96168e+19 3.41582e+20
1.80155 -3.16766e+18 1.30024e+19 7.75881e+19 3.34051e+20
1.81106 -3.18414e+18 1.25424e+19 7.56075e+19 3.26678e+20
1.82057 -3.19757e+18 1.20959e+19 7.3674e+19 3.1946e+20
1.83008 -3.20808e+18 1.16629e+19 7.17865e+19 3.12394e+20
1.83959 -3.21579e+18 1.12427e+19 6.9944e+19 3.05477e+20
1.8491 -3.22084e+18 1.08352e+19 6.81455e+19 2.98706e+20
1.85861 -3.22334e+18 1.044e+19 6.63899e+19 2.92077e+20
1.86812 -3.22342e+18 1.00568e+19 6.46764e+19 2.85589e+20
1.87763 -3.22119e+18 9.68517e+18 6.3004e+19 2.79238e+20
1.88714 -3.21675e+18 9.32487e+18 6.13717e+19 2.73021e+20
1.89665 -3.21022e+18 8.97559e+18 5.97786e+19 2.66937e+20
1.90616 -3.2017e+18 8.63703e+18 5.82239e+19 2.60981e+20
1.91567 -3.19128e+18 8.3089e+18 5.67068e+19 2.55151e+20
1.92518 -3.17906e+18 7.99092e+18 5.52262e+19 2.49446e+20
1.93468 -3.16515e+18 7.68281e+18 5.37815e+19 2.43862e+20
1.94419 -3.14961e+18 7.38429e+18 5.23718e+19 2.38396e+20
1.9537 -3.13255e+18 7.09512e+18 5.09963e+19 2.33048e+20
1.96321 -3.11404e+18 6.81503e+18 4.96542e+19 2.27813e+20
1.97272 -3.09417e+18 6.54377e+18 4.83448e+19 2.2269e+20
1.98223 -3.073e+18 6.2811e+18 4.70673e+19 2.17677e+20
1.99174 -3.05063e+18 6.02678e+18 4.5821e+19 2.12771e+20
2.00125 -3.02712e+18 5.78057e+18 4.46051e+19 2.0797e+20
2.01076 -3.00253e+18 5.54227e+18 4.34191e+19 2.03271e+20
2.02027 -2.97694e+18 5.31164e+18 4.22622e+19 1.98674e+20
2.02978 -2.95041e+18 5.08847e+18 4.11337e+19 1.94175e+20
2.03929 -2.923e+18 4.87255e+18 4.00329e+19 1.89774e+20
2.0488 -2.89478e+18 4.66367e+18 3.89593e+19 1.85467e+20
2.05831 -2.86579e+18 4.46165e+18 3.79123e+19 1.81252e+20
2.06782 -2.8361e+18 4.26628e+18 3.68911e+19 1.77129e+20
2.07733 -2.80576e+18 4.07738e+18 3.58952e+19 1.73094e+20
2.08684 -2.77482e+18 3.89476e+18 3.49241e+19 1.69147e+20
2.09635 -2.74332e+18 3.71825e+18 3.39771e+19 1.65285e+20
2.10586 -2.71132e+18 3.54767e+18 3.30537e+19 1.61507e+20
2.11537 -2.67887e+18 3.38284e+18 3.21533e+19 1.57811e+20
2.12487 -2.646e+18 3.22361e+18 3.12754e+19 1.54195e+20
2.13438 -2.61275e+18 3.06982e+18 3.04195e+19 1.50657e+20
2.14389 -2.57918e+18 2.9213e+18 2.95851e+19 1.47197e+20
2.1534 -2.5453e+18 2.7779e+18 2.87716e+19 1.43812e+20
2.16291 -2.51118e+18 2.63948e+18 2.79786e+19 1.405e+20
2.17242 -2.47683e+18 2.50588e+18 2.72056e+19 1.37261e+20
2.18193 -2.44229e+18 2.37697e+18 2.64521e+19 1.34092e+20
2.19144 -2.40759e+18 2.25261e+18 2.57177e+19 1.30993e+20
2.20095 -2.37278e+18 2.13267e+18 2.50019e+19 1.27962e+20
2.21046 -2.33786e+18 2.01701e+18 2.43043e+19 1.24997e+20
2.21997 -2.30288e+18 1.90551e+18 2.36244e+19 1.22097e+20
2.22948 -2.26787e+18 1.79804e+18 2.29619e+19 1.1926e+20
2.23899 -2.23284e+18 1.69448e+18 2.23163e+19 1.16486e+20
2.2485 -2.19782e+18 1.59472e+18 2.16872e+19 1.13773e+20
2.25801 -2.16283e+18 1.49864e+18 2.10742e+19 1.1112e+20
2.26752 -2.1279e+18 1.40613e+18 2.0477e+19 1.08525e+20
2.27703 -2.09306e+18 1.31709e+18 1.98951e+19 1.05988e+20
2.28654 -2.05831e+18 1.23139e+18 1.93282e+19 1.03506e+20
2.29605 -2.02368e+18 1.14896e+18 1.8776e+19 1.0108e+20
2.30556 -1.98918e+18 1.06968e+18 1.82381e+19 9.87072e+19
2.31507 -1.95485e+18 9.9345e+17 1.77141e+19 9.63871e+19
2.32457 -1.92068e+18 9.20187e+17 1.72038e+19 9.41185e+19
2.33408 -1.8867e+18 8.49795e+17 1.67067e+19 9.19003e+19
2.34359 -1.85292e+18 7.82184e+17 1.62226e+19 8.97314e+19
2.3531 -1.81935e+18 7.17267e+17 1.57512e+19 8.76108e+19
2.36261 -1.78602e+18 6.5496e+17 1.52921e+19 8.55376e+19
2.37212 -1.75292e+18 5.9518e+17 1.48451e+19 8.35106e+19
2.38163 -1.72008e+18 5.37848e+17 1.44099e+19 8.15289e+19
2.39114 -1.6875e+18 4.82885e+17 1.39861e+19 7.95915e+19
2.40065 -1.6552e+18 4.30215e+17 1.35735e+19 7.76976e+19
2.41016 -1.62318e+18 3.79766e+17 1.31718e+19 7.58461e+19
2.41967 -1.59145e+18 3.31465e+17 1.27808e+19 7.40362e+19
2.42918 -1.56003e+18 2.85244e+17 1.24002e+19 7.2267e+19
2.43869 -1.52891e+18 2.41033e+17 1.20297e+19 7.05376e+19
2.4482 -1.49811e+18 1.98768e+17 1.16692e+19 6.88472e+19
2.45771 -1.46763e+18 1.58385e+17 1.13183e+19 6.71949e+19
2.46722 -1.43749e+18 1.19821e+17 1.09768e+19 6.55799e+19
2.47673 -1.40768e+18 8.30166e+16 1.06445e+19 6.40014e+19
2.48624 -1.3782e+18 4.79125e+16 1.03211e+19 6.24587e+19
2.49575 -1.34908e+18 1.44518e+16 1.00065e+19 6.0951e+19
2.50526 -1.3203e+18 -1.74207e+16 9.7004e+18 5.94775e+19
2.51476 -1.29188e+18 -4.77589e+16 9.40262e+18 5.80374e+19
2.52427 -1.26381e+18 -7.66151e+16 9.11293e+18 5.66301e+19
2.53378 -1.2361e+18 -1.0404e+17 8.83115e+18 5.52549e+19
2.54329 -1.20876e+18 -1.30083e+17 8.55708e+18 5.39111e+19
2.5528 -1.18178e+18 -1.54792e+17 8.29051e+18 5.25979e+19
2.56231 -1.15517e+18 -1.78213e+17 8.03127e+18 5.13148e+19
2.57182 -1.12892e+18 -2.00392e+17 7.77917e+18 5.0061e+19
2.58133 -1.10305e+18 -2.21372e+17 7.53403e+18 4.8836e+19
2.59084 -1.07755e+18 -2.41195e+17 7.29568e+18 4.76391e+19
2.60035 -1.05242e+18 -2.59905e+17 7.06394e+18 4.64697e+19
2.60986 -1.02766e+18 -2.77539e+17 6.83866e+18 4.53272e+19
2.61937 -1.00327e+18 -2.94137e+17 6.61966e+18 4.4211e+19
2.62888 -9.79261e+17 -3.09737e+17 6.40678e+18 4.31206e+19
2.63839 -9.55619e+17 -3.24376e+17 6.19988e+18 4.20554e+19
2.6479 -9.32349e+17 -3.38089e+17 5.99879e+18 4.10148e+19
2.65741 -9.0945e+17 -3.5091e+17 5.80337e+18 3.99983e+19
2.66692 -8.86921e+17 -3.62873e+17 5.61348e+18 3.90054e+19
2.67643 -8.64761e+17 -3.7401e+17 5.42898e+18 3.80356e+19
2.68594 -8.42967e+17 -3.84353e+17 5.24972e+18 3.70883e+19
2.69545 -8.2154e+17 -3.93932e+17 5.07558e+18 3.6163e+19
2.70495 -8.00476e+17 -4.02776e+17 4.90641e+18 3.52593e+19
2.71446 -7.79775e+17 -4.10915e+17 4.74209e+18 3.43768e+19
2.72397 -7.59434e+17 -4.18376e+17 4.58251e+18 3.35148e+19
2.73348 -7.3945e+17 -4.25186e+17 4.42752e+18 3.26731e+19
2.74299 -7.19823e+17 -4.31371e+17 4.27702e+18 3.1851e+19
2.7525 -7.00548e+17 -4.36956e+17 4.13089e+18 3.10483e+19
2.76201 -6.81624e+17 -4.41966e+17 3.98901e+18 3.02644e+19
2.77152 -6.63048e+17 -4.46424e+17 3.85128e+18 2.9499e+19
2.78103 -6.44817e+17 -4.50353e+17 3.71758e+18 2.87517e+19
2.79054 -6.26928e+17 -4.53776e+17 3.58781e+18 2.80219e+19
2.80005 -6.09379e+17 -4.56713e+17 3.46186e+18 2.73095e+19
2.80956 -5.92165e+17 -4.59187e+17 3.33964e+18 2.66138e+19
2.81907 -5.75285e+17 -4.61216e+17 3.22105e+18 2.59347e+19
2.82858 -5.58734e+17 -4.62821e+17 3.10599e+18 2.52717e+19
2.83809 -5.4251e+17 -4.6402e+17 2.99436e+18 2.46245e+19
2.8476 -5.26608e+17 -4.64832e+17 2.88608e+18 2.39927e+19
2.85711 -5.11026e+17 -4.65273e+17 2.78106e+18 2.33759e+19
2.86662 -4.9576e+17 -4.65362e+17 2.6792e+18 2.27739e+19
2.87613 -4.80807e+17 -4.65114e+17 2.58043e+18 2.21863e+19
2.88564 -4.66162e+17 -4.64546e+17 2.48466e+18 2.16127e+19
2.89515 -4.51823e+17 -4.63673e+17 2.39182e+18 2.10529e+19
2.90465 -4.37785e+17 -4.6251e+17 2.30181e+18 2.05066e+19
2.91416 -4.24045e+17 -4.61072e+17 2.21458e+18 1.99734e+19
2.92367 -4.10599e+17 -4.59371e+17 2.13003e+18 1.9453e+19
2.93318 -3.97443e+17 -4.57422e+17 2.0481e+18 1.89452e+19
2.94269 -3.84574e+17 -4.55237e+17 1.96872e+18 1.84497e+19
2.9522 -3.71987e+17 -4.5283e+17 1.89181e+18 1.79662e+19
2.96171 -3.59679e+17 -4.50211e+17 1.81731e+18 1.74944e+19
2.97122 -3.47646e+17 -4.47394e+17 1.74516e+18 1.7034e+19
2.98073 -3.35884e+17 -4.44388e+17 1.67529e+18 1.65849e+19
2.99024 -3.24389e+17 -4.41206e+17 1.60763e+18 1.61467e+19
2.99975 -3.13158e+17 -4.37856e+17 1.54213e+18 1.57192e+19
3.00926 -3.02186e+17 -4.3435e+17 1.47872e+18 1.53021e+19
3.01877 -2.91469e+17 -4.30697e+17 1.41735e+18 1.48952e+19
3.02828 -2.81005e+17 -4.26906e+17 1.35796e+18 1.44984e+19
3.03779 -2.70788e+17 -4.22987e+17 1.30049e+18 1.41112e+19
3.0473 -2.60815e+17 -4.18948e+17 1.24489e+18 1.37336e+19
3.05681 -2.51082e+17 -4.14797e+17 1.19112e+18 1.33653e+19
3.06632 -2.41585e+17 -4.10542e+17 1.13911e+18 1.30061e+19
3.07583 -2.32321e+17 -4.06192e+17 1.08881e+18 1.26557e+19
3.08534 -2.23286e+17 -4.01754e+17 1.04019e+18 1.23141e+19
3.09484 -2.14475e+17 -3.97234e+17 9.93186e+17 1.19809e+19
3.10435 -2.05886e+17 -3.9264e+17 9.47758e+17 1.16559e+19
3.11386 -1.97513e+17 -3.87978e+17 9.03859e+17 1.13391e+19
3.12337 -1.89355e+17 -3.83255e+17 8.61447e+17 1.10302e+19
3.13288 -1.81406e+17 -3.78476e+17 8.20478e+17 1.0729e+19
3.14239 -1.73663e+17 -3.73648e+17 7.8091e+17 1.04353e+19
3.1519 -1.66123e+17 -3.68776e+17 7.42704e+17 1.0149e+19
3.16141 -1.58782e+17 -3.63866e+17 7.05819e+17 9.86986e+18
3.17092 -1.51636e+17 -3.58922e+17 6.70217e+17 9.59775e+18
3.18043 -1.44682e+17 -3.5395e+17 6.35861e+17 9.3325e+18
3.18994 -1.37916e+17 -3.48954e+17 6.02714e+17 9.07395e+18
3.19945 -1.31335e+17 -3.43939e+17 5.70741e+17 8.82193e+18
3.20896 -1.24934e+17 -3.38909e+17 5.39906e+17 8.5763e+18
3.21847 -1.18712e+17 -3.33868e+17 5.10177e+17 8.33691e+18
3.22798 -1.12664e+17 -3.28821e+17 4.8152e+17 8.1036e+18
3.23749 -1.06787e+17 -3.2377e+17 4.53904e+17 7.87624e+18
3.247 -1.01078e+17 -3.1872e+17 4.27297e+17 7.65468e+18
3.25651 -9.55326e+16 -3.13675e+17 4.01669e+17 7.43879e+18
3.26602 -9.01486e+16 -3.08636e+17 3.7699e+17 7.22843e+18
3.27553 -8.49223e+16 -3.03608e+17 3.53232e+17 7.02347e+18
3.28504 -7.98507e+16 -2.98593e+17 3.30367e+17 6.82378e+18
3.29454 -7.49305e+16 -2.93595e+17 3.08368e+17 6.62924e+18
3.30405 -7.01587e+16 -2.88615e+17 2.87208e+17 6.43972e+18
3.31356 -6.55321e+16 -2.83657e+17 2.66861e+17 6.2551e+18
3.32307 -6.10477e+16 -2.78723e+17 2.47303e+17 6.07528e+18
3.33258 -5.67025e+16 -2.73815e+17 2.28508e+17 5.90012e+18
3.34209 -5.24936e+16 -2.68935e+17 2.10454e+17 5.72953e+18
3.3516 -4.84179e+16 -2.64086e+17 1.93117e+17 5.56338e+18
3.36111 -4.44727e+16 -2.59269e+17 1.76475e+17 5.40158e+18
3.37062 -4.0655e+16 -2.54486e+17 1.60506e+17 5.24401e+18
3.38013 -3.69621e+16 -2.49739e+17 1.45188e+17 5.09059e+18
3.38964 -3.33911e+16 -2.4503e+17 1.30501e+17 4.94119e+18
3.39915 -2.99394e+16 -2.40359e+17 1.16425e+17 4.79574e+18
3.40866 -2.66042e+16 -2.35729e+17 1.0294e+17 4.65413e+18
3.41817 -2.3383e+16 -2.3114e+17 9.00272e+16 4.51626e+18
3.42768 -2.0273e+16 -2.26595e+17 7.76684e+16 4.38206e+18
3.43719 -1.72718e+16 -2.22094e+17 6.58454e+16 4.25142e+18
3.4467 -1.43768e+16 -2.17638e+17 5.45408e+16 4.12427e+18
3.45621 -1.15854e+16 -2.13228e+17 4.37376e+16 4.00051e+18
3.46572 -8.89528e+15 -2.08865e+17 3.34193e+16 3.88007e+18
3.47523 -6.30397e+15 -2.0455e+17 2.35698e+16 3.76285e+18
3.48473 -3.80911e+15 -2.00284e+17 1.41736e+16 3.64879e+18
3.49424 -1.40835e+15 -1.96068e+17 5.21542e+15 3.5378e+18
3.50375 9.0061e+14 -1.91901e+17 -3.31932e+15 3.42982e+18
3.51326 3.12003e+15 -1.87785e+17 -1.1445e+16 3.32475e+18
3.52277 5.25213e+15 -1.83721e+17 -1.91754e+16 3.22254e+18
3.53228 7.2991e+15 -1.79708e+17 -2.65241e+16 3.12311e+18
3.54179 9.26309e+15 -1.75747e+17 -3.35043e+16 3.02639e+18
3.5513 1.11462e+16 -1.71839e+17 -4.01285e+16 2.93232e+18
3.56081 1.29505e+16 -1.67983e+17 -4.64093e+16 2.84082e+18
3.57032 1.46781e+16 -1.6418e+17 -5.23585e+16 2.75184e+18
3.57983 1.63309e+16 -1.60431e+17 -5.79878e+16 2.66531e+18
3.58934 1.79109e+16 -1.56735e+17 -6.33086e+16 2.58118e+18
3.59885 1.94201e+16 -1.53092e+17 -6.83319e+16 2.49937e+18
3.60836 2.08603e+16 -1.49503e+17 -7.30682e+16 2.41983e+18
3.61787 2.22333e+16 -1.45968e+17 -7.7528e+16 2.3425e+18
3.62738 2.35411e+16 -1.42486e+17 -8.17213e+16 2.26734e+18
3.63689 2.47854e+16 -1.39058e+17 -8.56577e+16 2.19427e+18
3.6464 2.59679e+16 -1.35683e+17 -8.93469e+16 2.12326e+18
3.65591 2.70905e+16 -1.32362e+17 -9.27979e+16 2.05424e+18
3.66542 2.81546e+16 -1.29094e+17 -9.60196e+16 1.98717e+18
3.67492 2.91621e+16 -1.25879e+17 -9.90207e+16 1.922e+18
3.68443 3.01146e+16 -1.22717e+17 -1.01809e+17 1.85868e+18
3.69394 3.10135e+16 -1.19608e+17 -1.04394e+17 1.79716e+18
3.70345 3.18606e+16 -1.16552e+17 -1.06782e+17 1.73739e+18
3.71296 3.26573e+16 -1.13548e+17 -1.08982e+17 1.67934e+18
3.72247 3.34051e+16 -1.10595e+17 -1.11e+17 1.62295e+18
3.73198 3.41054e+16 -1.07695e+17 -1.12845e+17 1.56818e+18
3.74149 3.47598e+16 -1.04845e+17 -1.14522e+17 1.51499e+18
3.751 3.53695e+16 -1.02047e+17 -1.16038e+17 1.46335e+18
3.76051 3.59361e+16 -9.92991e+16 -1.17401e+17 1.4132e+18
3.77002 3.64607e+16 -9.66017e+16 -1.18616e+17 1.36451e+18
3.77953 3.69449e+16 -9.39541e+16 -1.19689e+17 1.31725e+18
3.78904 3.73897e+16 -9.13559e+16 -1.20627e+17 1.27137e+18
3.79855 3.77966e+16 -8.88067e+16 -1.21435e+17 1.22685e+18
3.80806 3.81666e+16 -8.63061e+16 -1.22119e+17 1.18363e+18
3.81757 3.85011e+16 -8.38537e+16 -1.22684e+17 1.1417e+18
3.82708 3.88012e+16 -8.14489e+16 -1.23134e+17 1.10101e+18
3.83659 3.9068e+16 -7.90913e+16 -1.23477e+17 1.06153e+18
3.8461 3.93028e+16 -7.67804e+16 -1.23715e+17 1.02323e+18
3.85561 3.95065e+16 -7.45157e+16 -1.23854e+17 9.86083e+17
3.86512 3.96802e+16 -7.22968e+16 -1.23898e+17 9.50053e+17
3.87462 3.98251e+16 -7.0123e+16 -1.23853e+17 9.15112e+17
3.88413 3.9942e+16 -6.79939e+16 -1.23721e+17 8.8123e+17
3.89364 4.00321e+16 -6.5909e+16 -1.23507e+17 8.48379e+17
3.90315 4.00964e+16 -6.38678e+16 -1.23216e+17 8.16531e+17
3.91266 4.01356e+16 -6.18696e+16 -1.2285e+17 7.8566e+17
3.92217 4.01509e+16 -5.99141e+16 -1.22414e+17 7.55738e+17
3.93168 4.0143e+16 -5.80005e+16 -1.21912e+17 7.26741e+17
3.94119 4.0113e+16 -5.61284e+16 -1.21346e+17 6.98642e+17
3.9507 4.00615e+16 -5.42973e+16 -1.2072e+17 6.71419e+17
3.96021 3.99896e+16 -5.25066e+16 -1.20037e+17 6.45046e+17
3.96972 3.98979e+16 -5.07556e+16 -1.19301e+17 6.195e+17
3.97923 3.97874e+16 -4.9044e+16 -1.18514e+17 5.9476e+17
3.98874 3.96588e+16 -4.73711e+16 -1.17679e+17 5.70802e+17
3.99825 3.95128e+16 -4.57363e+16 -1.168e+17 5.47605e+17
4.00776 3.93502e+16 -4.41391e+16 -1.15878e+17 5.25148e+17
4.01727 3.91717e+16 -4.2579e+16 -1.14916e+17 5.0341e+17
4.02678 3.8978e+16 -4.10554e+16 -1.13918e+17 4.82373e+17
4.03629 3.87698e+16 -3.95677e+16 -1.12884e+17 4.62015e+17
4.0458 3.85478e+16 -3.81153e+16 -1.11818e+17 4.42318e+17
4.05531 3.83126e+16 -3.66979e+16 -1.10722e+17 4.23264e+17
4.06481 3.80648e+16 -3.53146e+16 -1.09598e+17 4.04835e+17
4.07432 3.78051e+16 -3.39651e+16 -1.08448e+17 3.87012e+17
4.08383 3.7534e+16 -3.26488e+16 -1.07275e+17 3.69779e+17
4.09334 3.72522e+16 -3.13651e+16 -1.06079e+17 3.53119e+17
4.10285 3.69602e+16 -3.01134e+16 -1.04862e+17 3.37016e+17
4.11236 3.66584e+16 -2.88933e+16 -1.03628e+17 3.21453e+17
4.12187 3.63476e+16 -2.77042e+16 -1.02376e+17 3.06416e+17
4.13138 3.60281e+16 -2.65456e+16 -1.01109e+17 2.9189e+17
4.14089 3.57005e+16 -2.54169e+16 -9.98293e+16 2.77859e+17
4.1504 3.53653e+16 -2.43176e+16 -9.85371e+16 2.64309e+17
4.15991 3.5023e+16 -2.32472e+16 -9.72342e+16 2.51227e+17
4.16942 3.46739e+16 -2.22052e+16 -9.59221e+16 2.38599e+17
4.17893 3.43186e+16 -2.1191e+16 -9.46021e+16 2.26411e+17
4.18844 3.39575e+16 -2.02041e+16 -9.32755e+16 2.14651e+17
4.19795 3.3591e+16 -1.92441e+16 -9.19434e+16 2.03306e+17
4.20746 3.32194e+16 -1.83104e+16 -9.0607e+16 1.92364e+17
4.21697 3.28433e+16 -1.74025e+16 -8.92674e+16 1.81814e+17
4.22648 3.24629e+16 -1.652e+16 -8.79258e+16 1.71643e+17
4.23599 3.20787e+16 -1.56623e+16 -8.65831e+16 1.6184e+17
4.2455 3.1691e+16 -1.4829e+16 -8.52402e+16 1.52394e+17
4.25501 3.13001e+16 -1.40196e+16 -8.38981e+16 1.43295e+17
4.26451 3.09063e+16 -1.32335e+16 -8.25578e+16 1.34532e+17
4.27402 3.05101e+16 -1.24705e+16 -8.12199e+16 1.26095e+17
4.28353 3.01117e+16 -1.17299e+16 -7.98853e+16 1.17974e+17
4.29304 2.97114e+16 -1.10113e+16 -7.85549e+16 1.10159e+17
4.30255 2.93095e+16 -1.03143e+16 -7.72292e+16 1.02642e+17
4.31206 2.89062e+16 -9.63849e+15 -7.5909e+16 9.54128e+16
4.32157 2.85019e+16 -8.98333e+15 -7.4595e+16 8.84629e+16
4.33108 2.80968e+16 -8.34842e+15 -7.32877e+16 8.17835e+16
4.34059 2.76912e+16 -7.73333e+15 -7.19878e+16 7.53665e+16
4.3501 2.72852e+16 -7.13765e+15 -7.06957e+16 6.92035e+16
4.35961 2.68792e+16 -6.56094e+15 -6.94121e+16 6.32866e+16
4.36912 2.64733e+16 -6.00281e+15 -6.81373e+16 5.76082e+16
4.37863 2.60678e+16 -5.46284e+15 -6.6872e+16 5.21607e+16
4.38814 2.56629e+16 -4.94062e+15 -6.56164e+16 4.69369e+16
4.39765 2.52588e+16 -4.43578e+15 -6.43711e+16 4.19295e+16
4.40716 2.48556e+16 -3.94791e+15 -6.31363e+16 3.71317e+16
4.41667 2.44536e+16 -3.47663e+15 -6.19126e+16 3.25369e+16
4.42618 2.40529e+16 -3.02156e+15 -6.07001e+16 2.81383e+16
4.43569 2.36537e+16 -2.58233e+15 -5.94992e+16 2.39298e+16
4.4452 2.32561e+16 -2.15857e+15 -5.83103e+16 1.99051e+16
4.4547 2.28604e+16 -1.74992e+15 -5.71335e+16 1.60583e+16
4.46421 2.24666e+16 -1.35603e+15 -5.59692e+16 1.23834e+16
4.47372 2.20749e+16 -9.76536e+14 -5.48175e+16 8.87488e+15
4.48323 2.16855e+16 -6.11103e+14 -5.36787e+16 5.52714e+15
4.49274 2.12984e+16 -2.5939e+14 -5.2553e+16 2.33486e+15
4.50225 2.09138e+16 7.89381e+13 -5.14405e+16 -7.07175e+14
4.51176 2.05318e+16 4.04209e+14 -5.03414e+16 -3.60402e+15
4.52127 2.01525e+16 7.16745e+14 -4.92559e+16 -6.3606e+15
4.53078 1.9776e+16 1.01686e+15 -4.8184e+16 -8.98167e+15
4.54029 1.94024e+16 1.30488e+15 -4.7126e+16 -1.14719e+16
4.5498 1.90319e+16 1.58109e+15 -4.60818e+16 -1.38357e+16
4.55931 1.86645e+16 1.84581e+15 -4.50516e+16 -1.60776e+16
4.56882 1.83002e+16 2.09933e+15 -4.40354e+16 -1.82017e+16
4.57833 1.79392e+16 2.34193e+15 -4.30334e+16 -2.02123e+16
4.58784 1.75815e+16 2.57392e+15 -4.20455e+16 -2.21132e+16
4.59735 1.72273e+16 2.79555e+15 -4.10718e+16 -2.39084e+16
4.60686 1.68765e+16 3.00712e+15 -4.01123e+16 -2.56016e+16
4.61637 1.65292e+16 3.20888e+15 -3.9167e+16 -2.71966e+16
4.62588 1.61856e+16 3.40111e+15 -3.8236e+16 -2.86968e+16
4.63539 1.58456e+16 3.58406e+15 -3.73192e+16 -3.01058e+16
4.64489 1.55093e+16 3.758e+15 -3.64167e+16 -3.14268e+16
4.6544 1.51767e+16 3.92316e+15 -3.55283e+16 -3.26632e+16
4.66391 1.48479e+16 4.07981e+15 -3.46541e+16 -3.3818e+16
4.67342 1.45229e+16 4.22816e+15 -3.3794e+16 -3.48944e+16
4.68293 1.42018e+16 4.36847e+15 -3.2948e+16 -3.58952e+16
4.69244 1.38846e+16 4.50097e+15 -3.21161e+16 -3.68234e+16
4.70195 1.35713e+16 4.62587e+15 -3.12981e+16 -3.76818e+16
4.71146 1.32619e+16 4.7434e+15 -3.0494e+16 -3.8473e+16
4.72097 1.29564e+16 4.85379e+15 -2.97037e+16 -3.91997e+16
4.73048 1.2655e+16 4.95723e+15 -2.89272e+16 -3.98644e+16
4.73999 1.23576e+16 5.05395e+15 -2.81644e+16 -4.04696e+16
4.7495 1.20641e+16 5.14415e+15 -2.74151e+16 -4.10177e+16
4.75901 1.17747e+16 5.22802e+15 -2.66793e+16 -4.15109e+16
4.76852 1.14893e+16 5.30576e+15 -2.59569e+16 -4.19515e+16
4.77803 1.1208e+16 5.37756e+15 -2.52478e+16 -4.23416e+16
4.78754 1.09307e+16 5.44361e+15 -2.45519e+16 -4.26835e+16
4.79705 1.06574e+16 5.5041e+15 -2.3869e+16 -4.29791e+16
4.80656 1.03881e+16 5.5592e+15 -2.31991e+16 -4.32303e+16
4.81607 1.01229e+16 5.60909e+15 -2.2542e+16 -4.34391e+16
4.82558 9.86176e+15 5.65394e+15 -2.18976e+16 -4.36073e+16
4.83509 9.60461e+15 5.69392e+15 -2.12657e+16 -4.37368e+16
4.84459 9.35148e+15 5.72919e+15 -2.06464e+16 -4.38291e+16
4.8541 9.10235e+15 5.75991e+15 -2.00394e+16 -4.38861e+16
4.86361 8.85721e+15 5.78624e+15 -1.94445e+16 -4.39093e+16
4.87312 8.61604e+15 5.80834e+15 -1.88617e+16 -4.39003e+16
4.88263 8.37884e+15 5.82634e+15 -1.82909e+16 -4.38605e+16
4.89214 8.14558e+15 5.8404e+15 -1.77318e+16 -4.37915e+16
4.90165 7.91625e+15 5.85067e+15 -1.71844e+16 -4.36947e+16
4.91116 7.69083e+15 5.85727e+15 -1.66485e+16 -4.35714e+16
4.92067 7.46928e+15 5.86034e+15 -1.6124e+16 -4.3423e+16
4.93018 7.2516e+15 5.86002e+15 -1.56107e+16 -4.32507e+16
4.93969 7.03776e+15 5.85644e+15 -1.51084e+16 -4.30557e+16
4.9492 6.82773e+15 5.84972e+15 -1.46171e+16 -4.28392e+16
4.95871 6.62149e+15 5.83999e+15 -1.41366e+16 -4.26025e+16
4.96822 6.41901e+15 5.82736e+15 -1.36667e+16 -4.23465e+16
4.97773 6.22026e+15 5.81195e+15 -1.32073e+16 -4.20724e+16
4.98724 6.02521e+15 5.79388e+15 -1.27583e+16 -4.17812e+16
4.99675 5.83384e+15 5.77325e+15 -1.23195e+16 -4.14738e+16
5.00626 5.64611e+15 5.75019e+15 -1.18907e+16 -4.11513e+16
5.01577 5.46198e+15 5.72478e+15 -1.14718e+16 -4.08145e+16
5.02528 5.28144e+15 5.69713e+15 -1.10627e+16 -4.04644e+16
5.03478 5.10444e+15 5.66735e+15 -1.06632e+16 -4.01019e+16
5.04429 4.93096e+15 5.63553e+15 -1.02731e+16 -3.97276e+16
5.0538 4.76095e+15 5.60176e+15 -9.89235e+15 -3.93425e+16
5.06331 4.59438e+15 5.56615e+15 -9.52077e+15 -3.89472e+16
5.07282 4.43122e+15 5.52877e+15 -9.15822e+15 -3.85426e+16
5.08233 4.27144e+15 5.48971e+15 -8.80454e+15 -3.81294e+16
5.09184 4.11499e+15 5.44906e+15 -8.45959e+15 -3.77081e+16
5.10135 3.96183e+15 5.4069e+15 -8.12322e+15 -3.72796e+16
5.11086 3.81194e+15 5.36332e+15 -7.7953e+15 -3.68443e+16
5.12037 3.66527e+15 5.31838e+15 -7.47567e+15 -3.6403e+16
5.12988 3.52179e+15 5.27217e+15 -7.1642e+15 -3.59561e+16
5.13939 3.38145e+15 5.22476e+15 -6.86074e+15 -3.55043e+16
5.1489 3.24423e+15 5.17621e+15 -6.56516e+15 -3.50481e+16
5.15841 3.11007e+15 5.12661e+15 -6.27732e+15 -3.4588e+16
5.16792 2.97895e+15 5.076e+15 -5.99707e+15 -3.41245e+16
5.17743 2.85082e+15 5.02448e+15 -5.72428e+15 -3.36581e+16
5.18694 2.72565e+15 4.97208e+15 -5.45881e+15 -3.31892e+16
5.19645 2.60338e+15 4.91888e+15 -5.20053e+15 -3.27182e+16
5.20596 2.484e+15 4.86493e+15 -4.94931e+15 -3.22456e+16
5.21547 2.36745e+15 4.8103e+15 -4.70501e+15 -3.17718e+16
5.22497 2.25369e+15 4.75503e+15 -4.4675e+15 -3.12971e+16
5.23448 2.14269e+15 4.69919e+15 -4.23665e+15 -3.08219e+16
5.24399 2.03441e+15 4.64282e+15 -4.01233e+15 -3.03466e+16
5.2535 1.92881e+15 4.58597e+15 -3.79441e+15 -2.98715e+16
5.26301 1.82585e+15 4.52869e+15 -3.58278e+15 -2.93969e+16
5.27252 1.72548e+15 4.47104e+15 -3.3773e+15 -2.8923e+16
5.28203 1.62767e+15 4.41305e+15 -3.17784e+15 -2.84503e+16
5.29154 1.53239e+15 4.35477e+15 -2.9843e+15 -2.79789e+16
5.30105 1.43958e+15 4.29625e+15 -2.79655e+15 -2.75091e+16
5.31056 1.34921e+15 4.23752e+15 -2.61446e+15 -2.70412e+16
5.32007 1.26125e+15 4.17862e+15 -2.43792e+15 -2.65754e+16
5.32958 1.17565e+15 4.11959e+15 -2.26682e+15 -2.61119e+16
5.33909 1.09238e+15 4.06047e+15 -2.10104e+15 -2.5651e+16
5.3486 1.0114e+15 4.0013e+15 -1.94047e+15 -2.51927e+16
5.35811 9.32659e+14 3.9421e+15 -1.78499e+15 -2.47374e+16
5.36762 8.56133e+14 3.88291e+15 -1.6345e+15 -2.42852e+16
5.37713 7.81779e+14 3.82377e+15 -1.48889e+15 -2.38362e+16
5.38664 7.09561e+14 3.7647e+15 -1.34804e+15 -2.33906e+16
5.39615 6.3944e+14 3.70574e+15 -1.21186e+15 -2.29486e+16
5.40566 5.71381e+14 3.6469e+15 -1.08023e+15 -2.25103e+16
5.41517 5.05345e+14 3.58823e+15 -9.53067e+14 -2.20759e+16
5.42467 4.41296e+14 3.52973e+15 -8.30256e+14 -2.16454e+16
5.43418 3.79199e+14 3.47145e+15 -7.117e+14 -2.12189e+16
5.44369 3.19016e+14 3.4134e+15 -5.97303e+14 -2.07967e+16
5.4532 2.60713e+14 3.3556e+15 -4.86965e+14 -2.03787e+16
5.46271 2.04254e+14 3.29808e+15 -3.80594e+14 -1.9965e+16
5.47222 1.49604e+14 3.24086e+15 -2.78094e+14 -1.95559e+16
5.48173 9.67271e+13 3.18396e+15 -1.79374e+14 -1.91512e+16
5.49124 4.55902e+13 3.12739e+15 -8.43425e+13 -1.87511e+16
5.50075 -3.84127e+12 3.07118e+15 7.0895e+12 -1.83557e+16
5.51026 -5.16011e+13 3.01535e+15 9.50098e+13 -1.7965e+16
5.51977 -9.77228e+13 2.9599e+15 1.79505e+14 -1.75791e+16
5.52928 -1.42239e+14 2.90485e+15 2.6066e+14 -1.7198e+16
5.53879 -1.85184e+14 2.85023e+15 3.38558e+14 -1.68218e+16
5.5483 -2.26588e+14 2.79603e+15 4.13281e+14 -1.64504e+16
5.55781 -2.66485e+14 2.74229e+15 4.8491e+14 -1.6084e+16
5.56732 -3.04906e+14 2.689e+15 5.53525e+14 -1.57226e+16
5.57683 -3.41881e+14 2.63618e+15 6.19202e+14 -1.53661e+16
5.58634 -3.77443e+14 2.58385e+15 6.82019e+14 -1.50146e+16
5.59585 -4.11622e+14 2.532e+15 7.42051e+14 -1.46681e+16
5.60536 -4.44448e+14 2.48066e+15 7.99371e+14 -1.43267e+16
5.61486 -4.7595e+14 2.42983e+15 8.54052e+14 -1.39902e+16
5.62437 -5.06159e+14 2.37952e+15 9.06164e+14 -1.36589e+16
5.63388 -5.35104e+14 2.32974e+15 9.55778e+14 -1.33325e+16
5.64339 -5.62812e+14 2.28049e+15 1.00296e+15 -1.30112e+16
5.6529 -5.89313e+14 2.23179e+15 1.04778e+15 -1.26949e+16
5.66241 -6.14634e+14 2.18363e+15 1.0903e+15 -1.23836e+16
5.67192 -6.38804e+14 2.13602e+15 1.1306e+15 -1.20773e+16
5.68143 -6.61849e+14 2.08898e+15 1.16872e+15 -1.17759e+16
5.69094 -6.83795e+14 2.0425e+15 1.20473e+15 -1.14796e+16
5.70045 -7.0467e+14 1.99659e+15 1.2387e+15 -1.11882e+16
5.70996 -7.245e+14 1.95125e+15 1.27068e+15 -1.09017e+16
5.71947 -7.4331e+14 1.90648e+15 1.30073e+15 -1.06201e+16
5.72898 -7.61126e+14 1.8623e+15 1.32891e+15 -1.03434e+16
5.73849 -7.77972e+14 1.81869e+15 1.35527e+15 -1.00716e+16
5.748 -7.93873e+14 1.77567e+15 1.37987e+15 -9.80451e+15
5.75751 -8.08853e+14 1.73323e+15 1.40277e+15 -9.54223e+15
5.76702 -8.22936e+14 1.69138e+15 1.42401e+15 -9.2847e+15
5.77653 -8.36145e+14 1.65011e+15 1.44365e+15 -9.03188e+15
5.78604 -8.48504e+14 1.60944e+15 1.46174e+15 -8.78373e+15
5.79555 -8.60034e+14 1.56935e+15 1.47832e+15 -8.54021e+15
5.80506 -8.70759e+14 1.52985e+15 1.49345e+15 -8.30129e+15
5.81456 -8.80701e+14 1.49093e+15 1.50717e+15 -8.06692e+15
5.82407 -8.8988e+14 1.45261e+15 1.51953e+15 -7.83705e+15
5.83358 -8.98318e+14 1.41487e+15 1.53057e+15 -7.61166e+15
5.84309 -9.06036e+14 1.37771e+15 1.54034e+15 -7.39069e+15
5.8526 -9.13054e+14 1.34114e+15 1.54888e+15 -7.17409e+15
5.86211 -9.19393e+14 1.30516e+15 1.55623e+15 -6.96182e+15
5.87162 -9.25072e+14 1.26975e+15 1.56243e+15 -6.75384e+15
5.88113 -9.30111e+14 1.23492e+15 1.56753e+15 -6.55009e+15
5.89064 -9.34528e+14 1.20066e+15 1.57156e+15 -6.35053e+15
5.90015 -9.38343e+14 1.16698e+15 1.57457e+15 -6.15511e+15
5.90966 -9.41574e+14 1.13387e+15 1.57658e+15 -5.96378e+15
5.91917 -9.44238e+14 1.10133e+15 1.57764e+15 -5.77649e+15
5.92868 -9.46354e+14 1.06934e+15 1.57778e+15 -5.59319e+15
5.93819 -9.47939e+14 1.03792e+15 1.57703e+15 -5.41382e+15
5.9477 -9.4901e+14 1.00706e+15 1.57544e+15 -5.23834e+15
5.95721 -9.49584e+14 9.76752e+14 1.57302e+15 -5.0667e+15
5.96672 -9.49676e+14 9.46991e+14 1.56983e+15 -4.89884e+15
5.97623 -9.49304e+14 9.17776e+14 1.56588e+15 -4.73472e+15
5.98574 -9.48482e+14 8.89102e+14 1.5612e+15 -4.57427e+15
5.99525 -9.47227e+14 8.60966e+14 1.55584e+15 -4.41746e+15
6.00475 -9.45553e+14 8.33361e+14 1.54981e+15 -4.26422e+15
6.01426 -9.43475e+14 8.06285e+14 1.54314e+15 -4.1145e+15
6.02377 -9.41007e+14 7.79732e+14 1.53587e+15 -3.96826e+15
6.03328 -9.38165e+14 7.53698e+14 1.52802e+15 -3.82543e+15
6.04279 -9.34961e+14 7.28178e+14 1.51961e+15 -3.68598e+15
6.0523 -9.31409e+14 7.03166e+14 1.51067e+15 -3.54984e+15
6.06181 -9.27523e+14 6.78658e+14 1.50123e+15 -3.41696e+15
6.07132 -9.23316e+14 6.5465e+14 1.49131e+15 -3.2873e+15
6.08083 -9.188e+14 6.31134e+14 1.48094e+15 -3.1608e+15
6.09034 -9.13988e+14 6.08107e+14 1.47013e+15 -3.0374e+15
6.09985 -9.08892e+14 5.85563e+14 1.45891e+15 -2.91707e+15
6.10936 -9.03524e+14 5.63496e+14 1.4473e+15 -2.79974e+15
6.11887 -8.97895e+14 5.41902e+14 1.43532e+15 -2.68537e+15
6.12838 -8.92017e+14 5.20775e+14 1.42299e+15 -2.57391e+15
6.13789 -8.85901e+14 5.00108e+14 1.41034e+15 -2.4653e+15
6.1474 -8.79558e+14 4.79897e+14 1.39737e+15 -2.3595e+15
6.15691 -8.72998e+14 4.60137e+14 1.38412e+15 -2.25645e+15
6.16642 -8.66233e+14 4.4082e+14 1.37059e+15 -2.15612e+15
6.17593 -8.59271e+14 4.21943e+14 1.35681e+15 -2.05845e+15
6.18544 -8.52122e+14 4.03498e+14 1.34279e+15 -1.96338e+15
6.19494 -8.44797e+14 3.85481e+14 1.32855e+15 -1.87088e+15
6.20445 -8.37305e+14 3.67886e+14 1.3141e+15 -1.7809e+15
6.21396 -8.29655e+14 3.50706e+14 1.29947e+15 -1.69339e+15
6.22347 -8.21855e+14 3.33937e+14 1.28466e+15 -1.60829e+15
6.23298 -8.13914e+14 3.17572e+14 1.26969e+15 -1.52558e+15
6.24249 -8.05842e+14 3.01606e+14 1.25458e+15 -1.4452e+15
6.252 -7.97645e+14 2.86032e+14 1.23933e+15 -1.3671e+15
6.26151 -7.89333e+14 2.70846e+14 1.22396e+15 -1.29124e+15
6.27102 -7.80912e+14 2.56042e+14 1.20849e+15 -1.21758e+15
6.28053 -7.72391e+14 2.41613e+14 1.19293e+15 -1.14607e+15
6.29004 -7.63777e+14 2.27554e+14 1.17728e+15 -1.07668e+15
6.29955 -7.55077e+14 2.13859e+14 1.16156e+15 -1.00934e+15
6.30906 -7.46297e+14 2.00523e+14 1.14578e+15 -9.44038e+14
6.31857 -7.37446e+14 1.87539e+14 1.12996e+15 -8.80714e+14
6.32808 -7.28529e+14 1.74903e+14 1.1141e+15 -8.19332e+14
6.33759 -7.19553e+14 1.62609e+14 1.09821e+15 -7.59851e+14
6.3471 -7.10524e+14 1.50651e+14 1.0823e+15 -7.0223e+14
6.35661 -7.01448e+14 1.39023e+14 1.06638e+15 -6.4643e+14
6.36612 -6.92331e+14 1.2772e+14 1.05046e+15 -5.92412e+14
6.37563 -6.83179e+14 1.16736e+14 1.03455e+15 -5.40136e+14
6.38514 -6.73997e+14 1.06067e+14 1.01866e+15 -4.89566e+14
6.39464 -6.6479e+14 9.57053e+13 1.00279e+15 -4.40663e+14
6.40415 -6.55564e+14 8.56471e+13 9.86958e+14 -3.9339e+14
6.41366 -6.46324e+14 7.58865e+13 9.71163e+14 -3.4771e+14
6.42317 -6.37074e+14 6.64182e+13 9.55414e+14 -3.03589e+14
6.43268 -6.2782e+14 5.72369e+13 9.3972e+14 -2.60989e+14
6.44219 -6.18566e+14 4.83373e+13 9.24085e+14 -2.19877e+14
6.4517 -6.09315e+14 3.97142e+13 9.08517e+14 -1.80217e+14
6.46121 -6.00073e+14 3.13625e+13 8.93021e+14 -1.41977e+14
6.47072 -5.90844e+14 2.3277e+13 8.77604e+14 -1.05121e+14
6.48023 -5.81632e+14 1.54526e+13 8.62269e+14 -6.96189e+13
6.48974 -5.72439e+14 7.88433e+12 8.47024e+14 -3.54366e+13
6.49925 -5.63271e+14 5.67127e+11 8.31871e+14 -2.54292e+12
6.50876 -5.5413e+14 -6.50394e+12 8.16818e+14 2.90936e+13
6.51827 -5.45021e+14 -1.33337e+13 8.01866e+14 5.95036e+13
6.52778 -5.35945e+14 -1.99272e+13 7.87022e+14 8.87175e+13
6.53729 -5.26907e+14 -2.6289e+13 7.72289e+14 1.16765e+14
6.5468 -5.1791e+14 -3.24239e+13 7.57671e+14 1.43675e+14
6.55631 -5.08956e+14 -3.83367e+13 7.43171e+14 1.69477e+14
6.56582 -5.00049e+14 -4.40319e+13 7.28793e+14 1.94199e+14
6.57533 -4.9119e+14 -4.95142e+13 7.1454e+14 2.17868e+14
6.58483 -4.82383e+14 -5.47881e+13 7.00415e+14 2.40512e+14
6.59434 -4.7363e+14 -5.98581e+13 6.86422e+14 2.62158e+14
6.60385 -4.64934e+14 -6.47286e+13 6.72562e+14 2.82832e+14
6.61336 -4.56296e+14 -6.94039e+13 6.58839e+14 3.0256e+14
6.62287 -4.47719e+14 -7.38885e+13 6.45254e+14 3.21366e+14
6.63238 -4.39205e+14 -7.81866e+13 6.3181e+14 3.39277e+14
6.64189 -4.30756e+14 -8.23023e+13 6.18509e+14 3.56316e+14
6.6514 -4.22373e+14 -8.62399e+13 6.05353e+14 3.72507e+14
6.66091 -4.14059e+14 -9.00034e+13 5.92343e+14 3.87874e+14
6.67042 -4.05815e+14 -9.35969e+13 5.79482e+14 4.0244e+14
6.67993 -3.97644e+14 -9.70243e+13 5.6677e+14 4.16228e+14
6.68944 -3.89545e+14 -1.0029e+14 5.54209e+14 4.29259e+14
6.69895 -3.81521e+14 -1.03397e+14 5.418e+14 4.41555e+14
6.70846 -3.73573e+14 -1.0635e+14 5.29544e+14 4.53138e+14
6.71797 -3.65703e+14 -1.09152e+14 5.17443e+14 4.64029e+14
6.72748 -3.57911e+14 -1.11807e+14 5.05496e+14 4.74247e+14
6.73699 -3.50199e+14 -1.14319e+14 4.93705e+14 4.83813e+14
6.7465 -3.42567e+14 -1.16692e+14 4.82071e+14 4.92747e+14
6.75601 -3.35018e+14 -1.18928e+14 4.70593e+14 5.01067e+14
6.76552 -3.2755e+14 -1.21032e+14 4.59273e+14 5.08793e+14
6.77503 -3.20167e+14 -1.23006e+14 4.4811e+14 5.15942e+14
6.78453 -3.12867e+14 -1.24855e+14 4.37105e+14 5.22534e+14
6.79404 -3.05652e+14 -1.26581e+14 4.26258e+14 5.28585e+14
6.80355 -2.98523e+14 -1.28188e+14 4.15569e+14 5.34113e+14
6.81306 -2.9148e+14 -1.2968e+14 4.05038e+14 5.39134e+14
6.82257 -2.84524e+14 -1.31058e+14 3.94664e+14 5.43666e+14
6.83208 -2.77654e+14 -1.32327e+14 3.84448e+14 5.47724e+14
6.84159 -2.70872e+14 -1.33489e+14 3.7439e+14 5.51323e+14
6.8511 -2.64178e+14 -1.34548e+14 3.64489e+14 5.5448e+14
6.86061 -2.57572e+14 -1.35506e+14 3.54744e+14 5.5721e+14
6.87012 -2.51055e+14 -1.36366e+14 3.45155e+14 5.59527e+14
6.87963 -2.44626e+14 -1.37132e+14 3.35721e+14 5.61446e+14
6.88914 -2.38286e+14 -1.37805e+14 3.26443e+14 5.6298e+14
6.89865 -2.32034e+14 -1.3839e+14 3.17318e+14 5.64144e+14
6.90816 -2.25872e+14 -1.38887e+14 3.08348e+14 5.6495e+14
6.91767 -2.19799e+14 -1.39301e+14 2.9953e+14 5.65412e+14
6.92718 -2.13814e+14 -1.39633e+14 2.90863e+14 5.65543e+14
6.93669 -2.07918e+14 -1.39887e+14 2.82348e+14 5.65356e+14
6.9462 -2.02111e+14 -1.40065e+14 2.73983e+14 5.64861e+14
6.95571 -1.96393e+14 -1.40168e+14 2.65767e+14 5.64072e+14
6.96522 -1.90763e+14 -1.402e+14 2.57699e+14 5.62999e+14
6.97472 -1.85221e+14 -1.40164e+14 2.49778e+14 5.61654e+14
6.98423 -1.79768e+14 -1.4006e+14 2.42003e+14 5.60049e+14
6.99374 -1.74401e+14 -1.39892e+14 2.34372e+14 5.58193e+14
7.00325 -1.69123e+14 -1.39662e+14 2.26885e+14 5.56097e+14
7.01276 -1.63931e+14 -1.39372e+14 2.19541e+14 5.53772e+14
7.02227 -1.58826e+14 -1.39024e+14 2.12338e+14 5.51227e+14
7.03178 -1.53808e+14 -1.38621e+14 2.05275e+14 5.48473e+14
7.04129 -1.48875e+14 -1.38163e+14 1.9835e+14 5.45517e+14
7.0508 -1.44028e+14 -1.37654e+14 1.91563e+14 5.4237e+14
7.06031 -1.39265e+14 -1.37095e+14 1.84912e+14 5.39041e+14
7.06982 -1.34587e+14 -1.36488e+14 1.78395e+14 5.35538e+14
7.07933 -1.29993e+14 -1.35836e+14 1.72012e+14 5.31869e+14
7.08884 -1.25482e+14 -1.35139e+14 1.65761e+14 5.28044e+14
7.09835 -1.21054e+14 -1.344e+14 1.5964e+14 5.24069e+14
7.10786 -1.16709e+14 -1.3362e+14 1.53648e+14 5.19953e+14
7.11737 -1.12445e+14 -1.32802e+14 1.47783e+14 5.15703e+14
7.12688 -1.08262e+14 -1.31946e+14 1.42045e+14 5.11326e+14
7.13639 -1.04159e+14 -1.31055e+14 1.36431e+14 5.0683e+14
7.1459 -1.00136e+14 -1.3013e+14 1.30941e+14 5.02222e+14
7.15541 -9.61918e+13 -1.29172e+14 1.25572e+14 4.97507e+14
7.16491 -9.23262e+13 -1.28184e+14 1.20323e+14 4.92694e+14
7.17442 -8.85382e+13 -1.27166e+14 1.15193e+14 4.87788e+14
7.18393 -8.48272e+13 -1.26121e+14 1.1018e+14 4.82794e+14
7.19344 -8.11923e+13 -1.25049e+14 1.05283e+14 4.7772e+14
7.20295 -7.7633e+13 -1.23952e+14 1.00499e+14 4.72571e+14
7.21246 -7.41484e+13 -1.22831e+14 9.58283e+13 4.67353e+14
7.22197 -7.07378e+13 -1.21688e+14 9.12685e+13 4.62071e+14
7.23148 -6.74003e+13 -1.20524e+14 8.6818e+13 4.56729e+14
7.24099 -6.41353e+13 -1.1934e+14 8.24755e+13 4.51334e+14
7.2505 -6.0942e+13 -1.18137e+14 7.82393e+13 4.45891e+14
7.26001 -5.78195e+13 -1.16917e+14 7.41079e+13 4.40403e+14
7.26952 -5.47671e+13 -1.1568e+14 7.00798e+13 4.34876e+14
7.27903 -5.17839e+13 -1.14429e+14 6.61535e+13 4.29314e+14
7.28854 -4.88691e+13 -1.13163e+14 6.23273e+13 4.23722e+14
7.29805 -4.6022e+13 -1.11884e+14 5.85998e+13 4.18103e+14
7.30756 -4.32417e+13 -1.10593e+14 5.49694e+13 4.12461e+14
7.31707 -4.05273e+13 -1.09292e+14 5.14346e+13 4.06801e+14
7.32658 -3.78781e+13 -1.0798e+14 4.79939e+13 4.01126e+14
7.33609 -3.52932e+13 -1.06659e+14 4.46458e+13 3.9544e+14
7.3456 -3.27718e+13 -1.0533e+14 4.13887e+13 3.89747e+14
7.35511 -3.03131e+13 -1.03994e+14 3.82213e+13 3.84048e+14
7.36461 -2.79161e+13 -1.02652e+14 3.51419e+13 3.78349e+14
7.37412 -2.55801e+13 -1.01304e+14 3.2149e+13 3.72652e+14
7.38363 -2.33042e+13 -9.99514e+13 2.92413e+13 3.6696e+14
7.39314 -2.10876e+13 -9.85948e+13 2.64173e+13 3.61276e+14
7.40265 -1.89294e+13 -9.72352e+13 2.36754e+13 3.55602e+14
7.41216 -1.68288e+13 -9.58732e+13 2.10143e+13 3.49942e+14
7.42167 -1.47849e+13 -9.45095e+13 1.84324e+13 3.44297e+14
7.43118 -1.2797e+13 -9.31449e+13 1.59285e+13 3.38671e+14
7.44069 -1.08641e+13 -9.178e+13 1.35009e+13 3.33065e+14
7.4502 -8.98547e+12 -9.04155e+13 1.11485e+13 3.27483e+14
7.45971 -7.16021e+12 -8.9052e+13 8.86965e+12 3.21925e+14
7.46922 -5.38751e+12 -8.76901e+13 6.66309e+12 3.16395e+14
7.47873 -3.66653e+12 -8.63304e+13 4.52743e+12 3.10894e+14
7.48824 -1.99645e+12 -8.49735e+13 2.4613e+12 3.05423e+14
7.49775 -3.76442e+11 -8.36199e+13 4.63355e+11 2.99986e+14
7.50726 1.19432e+12 -8.22702e+13 -1.46773e+12 2.94583e+14
7.51677 2.71664e+12 -8.09249e+13 -3.33329e+12 2.89216e+14
7.52628 4.19135e+12 -7.95844e+13 -5.13462e+12 2.83887e+14
7.53579 5.61926e+12 -7.82492e+13 -6.87302e+12 2.78596e+14
7.5453 7.00116e+12 -7.69199e+13 -8.54977e+12 2.73347e+14
7.5548 8.33786e+12 -7.55967e+13 -1.01661e+13 2.68139e+14
7.56431 9.63015e+12 -7.42803e+13 -1.17234e+13 2.62975e+14
7.57382 1.08788e+13 -7.29708e+13 -1.32227e+13 2.57854e+14
7.58333 1.20847e+13 -7.16688e+13 -1.46654e+13 2.52779e+14
7.59284 1.32485e+13 -7.03747e+13 -1.60527e+13 2.47751e+14
7.60235 1.43711e+13 -6.90886e+13 -1.73857e+13 2.4277e+14
7.61186 1.54531e+13 -6.78111e+13 -1.86656e+13 2.37837e+14
7.62137 1.64954e+13 -6.65425e+13 -1.98936e+13 2.32954e+14
7.63088 1.74987e+13 -6.52829e+13 -2.10708e+13 2.2812e+14
7.64039 1.84638e+13 -6.40328e+13 -2.21985e+13 2.23338e+14
7.6499 1.93914e+13 -6.27924e+13 -2.32777e+13 2.18607e+14
7.65941 2.02823e+13 -6.1562e+13 -2.43094e+13 2.13928e+14
7.66892 2.11371e+13 -6.03418e+13 -2.5295e+13 2.09301e+14
7.67843 2.19567e+13 -5.91321e+13 -2.62353e+13 2.04728e+14
7.68794 2.27416e+13 -5.7933e+13 -2.71314e+13 2.00209e+14
7.69745 2.34928e+13 -5.6745e+13 -2.79845e+13 1.95744e+14
7.70696 2.42107e+13 -5.5568e+13 -2.87955e+13 1.91334e+14
7.71647 2.48962e+13 -5.44023e+13 -2.95655e+13 1.86979e+14
7.72598 2.555e+13 -5.32482e+13 -3.02955e+13 1.82678e+14
7.73549 2.61726e+13 -5.21057e+13 -3.09864e+13 1.78434e+14
7.74499 2.67648e+13 -5.0975e+13 -3.16393e+13 1.74245e+14
7.7545 2.73273e+13 -4.98563e+13 -3.22551e+13 1.70112e+14
7.76401 2.78607e+13 -4.87497e+13 -3.28347e+13 1.66036e+14
7.77352 2.83657e+13 -4.76553e+13 -3.33791e+13 1.62016e+14
7.78303 2.88428e+13 -4.65733e+13 -3.38892e+13 1.58052e+14
7.79254 2.92929e+13 -4.55037e+13 -3.43659e+13 1.54144e+14
7.80205 2.97164e+13 -4.44467e+13 -3.48101e+13 1.50294e+14
7.81156 3.0114e+13 -4.34023e+13 -3.52227e+13 1.46499e+14
7.82107 3.04863e+13 -4.23707e+13 -3.56045e+13 1.42761e+14
7.83058 3.08339e+13 -4.13518e+13 -3.59563e+13 1.3908e+14
7.84009 3.11574e+13 -4.03458e+13 -3.62791e+13 1.35454e+14
7.8496 3.14575e+13 -3.93528e+13 -3.65736e+13 1.31885e+14
7.85911 3.17346e+13 -3.83726e+13 -3.68406e+13 1.28372e+14
7.86862 3.19895e+13 -3.74055e+13 -3.70809e+13 1.24915e+14
7.87813 3.22225e+13 -3.64515e+13 -3.72954e+13 1.21513e+14
7.88764 3.24343e+13 -3.55105e+13 -3.74846e+13 1.18167e+14
7.89715 3.26255e+13 -3.45825e+13 -3.76495e+13 1.14877e+14
7.90666 3.27966e+13 -3.36677e+13 -3.77907e+13 1.11641e+14
7.91617 3.29481e+13 -3.2766e+13 -3.79089e+13 1.0846e+14
7.92568 3.30805e+13 -3.18774e+13 -3.80049e+13 1.05333e+14
7.93519 3.31944e+13 -3.10018e+13 -3.80794e+13 1.02261e+14
7.94469 3.32903e+13 -3.01394e+13 -3.8133e+13 9.92422e+13
7.9542 3.33687e+13 -2.929e+13 -3.81664e+13 9.6277e+13
7.96371 3.343e+13 -2.84537e+13 -3.81803e+13 9.3365e+13
7.97322 3.34748e+13 -2.76303e+13 -3.81753e+13 9.05058e+13
7.98273 3.35036e+13 -2.682e+13 -3.8152e+13 8.76989e+13
7.99224 3.35168e+13 -2.60226e+13 -3.81111e+13 8.4944e+13
8.00175 3.35149e+13 -2.52381e+13 -3.80532e+13 8.22406e+13
8.01126 3.34983e+13 -2.44664e+13 -3.79788e+13 7.95884e+13
8.02077 3.34675e+13 -2.37075e+13 -3.78885e+13 7.69869e+13
8.03028 3.3423e+13 -2.29614e+13 -3.7783e+13 7.44356e+13
8.03979 3.33651e+13 -2.2228e+13 -3.76627e+13 7.19342e+13
8.0493 3.32943e+13 -2.15071e+13 -3.75282e+13 6.94821e+13
8.05881 3.32111e+13 -2.07989e+13 -3.738e+13 6.70788e+13
8.06832 3.31158e+13 -2.01031e+13 -3.72188e+13 6.4724e+13
8.07783 3.30088e+13 -1.94197e+13 -3.70449e+13 6.2417e+13
8.08734 3.28906e+13 -1.87486e+13 -3.68589e+13 6.01575e+13
8.09685 3.27615e+13 -1.80898e+13 -3.66612e+13 5.79448e+13
8.10636 3.26219e+13 -1.74431e+13 -3.64525e+13 5.57786e+13
8.11587 3.24722e+13 -1.68085e+13 -3.6233e+13 5.36582e+13
8.12538 3.23128e+13 -1.61859e+13 -3.60033e+13 5.15832e+13
8.13488 3.21439e+13 -1.55752e+13 -3.57638e+13 4.95531e+13
8.14439 3.19661e+13 -1.49763e+13 -3.5515e+13 4.75672e+13
8.1539 3.17796e+13 -1.4389e+13 -3.52573e+13 4.56251e+13
8.16341 3.15847e+13 -1.38134e+13 -3.49911e+13 4.37263e+13
8.17292 3.13819e+13 -1.32493e+13 -3.47168e+13 4.18702e+13
8.18243 3.11713e+13 -1.26965e+13 -3.44348e+13 4.00562e+13
8.19194 3.09535e+13 -1.21551e+13 -3.41455e+13 3.82838e+13
8.20145 3.07286e+13 -1.16248e+13 -3.38492e+13 3.65525e+13
8.21096 3.04969e+13 -1.11056e+13 -3.35465e+13 3.48618e+13
8.22047 3.02589e+13 -1.05973e+13 -3.32375e+13 3.3211e+13
8.22998 3.00147e+13 -1.00999e+13 -3.29226e+13 3.15996e+13
8.23949 2.97647e+13 -9.61327e+12 -3.26023e+13 3.00271e+13
8.249 2.95091e+13 -9.13723e+12 -3.22768e+13 2.84929e+13
8.25851 2.92483e+13 -8.67169e+12 -3.19464e+13 2.69965e+13
8.26802 2.89824e+13 -8.21654e+12 -3.16116e+13 2.55373e+13
8.27753 2.87118e+13 -7.77166e+12 -3.12724e+13 2.41148e+13
8.28704 2.84367e+13 -7.33693e+12 -3.09294e+13 2.27285e+13
8.29655 2.81574e+13 -6.91222e+12 -3.05827e+13 2.13776e+13
8.30606 2.78741e+13 -6.49743e+12 -3.02327e+13 2.00619e+13
8.31557 2.75871e+13 -6.09243e+12 -2.98796e+13 1.87806e+13
8.32508 2.72965e+13 -5.6971e+12 -2.95237e+13 1.75332e+13
8.33458 2.70027e+13 -5.31131e+12 -2.91652e+13 1.63193e+13
8.34409 2.67059e+13 -4.93494e+12 -2.88045e+13 1.51382e+13
8.3536 2.64062e+13 -4.56787e+12 -2.84417e+13 1.39894e+13
8.36311 2.61038e+13 -4.20998e+12 -2.80771e+13 1.28724e+13
8.37262 2.57991e+13 -3.86114e+12 -2.77109e+13 1.17866e+13
8.38213 2.54922e+13 -3.52123e+12 -2.73434e+13 1.07316e+13
8.39164 2.51832e+13 -3.19013e+12 -2.69747e+13 9.70682e+12
8.40115 2.48725e+13 -2.8677e+12 -2.66051e+13 8.71168e+12
8.41066 2.45601e+13 -2.55383e+12 -2.62348e+13 7.74569e+12
8.42017 2.42463e+13 -2.2484e+12 -2.5864e+13 6.80835e+12
8.42968 2.39312e+13 -1.95127e+12 -2.54928e+13 5.89914e+12
8.43919 2.3615e+13 -1.66233e+12 -2.51215e+13 5.01755e+12
8.4487 2.32979e+13 -1.38145e+12 -2.47502e+13 4.16307e+12
8.45821 2.298e+13 -1.10851e+12 -2.43791e+13 3.33521e+12
8.46772 2.26615e+13 -8.43379e+11 -2.40084e+13 2.53346e+12
8.47723 2.23426e+13 -5.85945e+11 -2.36382e+13 1.75734e+12
8.48674 2.20234e+13 -3.36081e+11 -2.32688e+13 1.00636e+12
8.49625 2.1704e+13 -9.36662e+10 -2.29002e+13 2.80028e+11
8.50576 2.13846e+13 1.41421e+11 -2.25325e+13 -4.22127e+11
8.51527 2.10654e+13 3.69301e+11 -2.2166e+13 -1.10058e+12
8.52477 2.07464e+13 5.90095e+11 -2.18008e+13 -1.75581e+12
8.53428 2.04278e+13 8.03922e+11 -2.1437e+13 -2.38827e+12
8.54379 2.01097e+13 1.0109e+12 -2.10747e+13 -2.99842e+12
8.5533 1.97922e+13 1.21115e+12 -2.0714e+13 -3.58673e+12
8.56281 1.94756e+13 1.40479e+12 -2.03551e+13 -4.15364e+12
8.57232 1.91597e+13 1.59193e+12 -1.9998e+13 -4.6996e+12
8.58183 1.88449e+13 1.77269e+12 -1.9643e+13 -5.22505e+12
8.59134 1.85311e+13 1.94719e+12 -1.929e+13 -5.73042e+12
8.60085 1.82185e+13 2.11554e+12 -1.89392e+13 -6.21615e+12
8.61036 1.79072e+13 2.27786e+12 -1.85907e+13 -6.68266e+12
8.61987 1.75973e+13 2.43425e+12 -1.82445e+13 -7.13037e+12
8.62938 1.72888e+13 2.58483e+12 -1.79008e+13 -7.5597e+12
8.63889 1.69819e+13 2.72971e+12 -1.75596e+13 -7.97105e+12
8.6484 1.66767e+13 2.86901e+12 -1.7221e+13 -8.36483e+12
8.65791 1.63732e+13 3.00282e+12 -1.68851e+13 -8.74145e+12
8.66742 1.60715e+13 3.13127e+12 -1.65519e+13 -9.10129e+12
8.67693 1.57716e+13 3.25445e+12 -1.62216e+13 -9.44474e+12
8.68644 1.54737e+13 3.37247e+12 -1.58941e+13 -9.7722e+12
8.69595 1.51779e+13 3.48544e+12 -1.55696e+13 -1.0084e+13
8.70546 1.48841e+13 3.59346e+12 -1.52481e+13 -1.03806e+13
8.71496 1.45925e+13 3.69664e+12 -1.49296e+13 -1.06623e+13
8.72447 1.43031e+13 3.79507e+12 -1.46143e+13 -1.09295e+13
8.73398 1.40159e+13 3.88886e+12 -1.43021e+13 -1.11825e+13
8.74349 1.37311e+13 3.97812e+12 -1.3993e+13 -1.14217e+13
8.753 1.34487e+13 4.06293e+12 -1.36872e+13 -1.16474e+13
8.76251 1.31687e+13 4.14339e+12 -1.33847e+13 -1.18601e+13
8.77202 1.28912e+13 4.21961e+12 -1.30855e+13 -1.20599e+13
8.78153 1.26162e+13 4.29167e+12 -1.27896e+13 -1.22473e+13
8.79104 1.23438e+13 4.35968e+12 -1.24971e+13 -1.24225e+13
8.80055 1.2074e+13 4.42372e+12 -1.2208e+13 -1.2586e+13
8.81006 1.18068e+13 4.48389e+12 -1.19224e+13 -1.27379e+13
8.81957 1.15423e+13 4.54028e+12 -1.16401e+13 -1.28787e+13
8.82908 1.12806e+13 4.59298e+12 -1.13614e+13 -1.30086e+13
8.83859 1.10215e+13 4.64208e+12 -1.10861e+13 -1.31279e+13
8.8481 1.07653e+13 4.68767e+12 -1.08143e+13 -1.32369e+13
8.85761 1.05118e+13 4.72982e+12 -1.05461e+13 -1.3336e+13
8.86712 1.02612e+13 4.76864e+12 -1.02814e+13 -1.34253e+13
8.87663 1.00135e+13 4.80419e+12 -1.00202e+13 -1.35052e+13
8.88614 9.7686e+12 4.83658e+12 -9.76253e+12 -1.3576e+13
8.89565 9.52661e+12 4.86586e+12 -9.50844e+12 -1.36378e+13
8.90516 9.28754e+12 4.89214e+12 -9.25791e+12 -1.36911e+13
8.91466 9.05139e+12 4.91548e+12 -9.01094e+12 -1.3736e+13
8.92417 8.81819e+12 4.93598e+12 -8.76753e+12 -1.37729e+13
8.93368 8.58795e+12 4.95369e+12 -8.52768e+12 -1.38018e+13
8.94319 8.36068e+12 4.9687e+12 -8.29139e+12 -1.38232e+13
8.9527 8.13638e+12 4.98109e+12 -8.05864e+12 -1.38372e+13
8.96221 7.91507e+12 4.99092e+12 -7.82945e+12 -1.38441e+13
8.97172 7.69675e+12 4.99828e+12 -7.6038e+12 -1.38441e+13
8.98123 7.48143e+12 5.00323e+12 -7.38168e+12 -1.38375e+13
8.99074 7.26911e+12 5.00584e+12 -7.16308e+12 -1.38244e+13
9.00025 7.0598e+12 5.00619e+12 -6.94799e+12 -1.38051e+13
9.00976 6.85349e+12 5.00433e+12 -6.7364e+12 -1.37798e+13
9.01927 6.65019e+12 5.00034e+12 -6.5283e+12 -1.37487e+13
9.02878 6.44989e+12 4.99429e+12 -6.32367e+12 -1.37121e+13
9.03829 6.25259e+12 4.98623e+12 -6.12249e+12 -1.367e+13
9.0478 6.05829e+12 4.97624e+12 -5.92475e+12 -1.36228e+13
9.05731 5.86698e+12 4.96437e+12 -5.73043e+12 -1.35705e+13
9.06682 5.67865e+12 4.95068e+12 -5.53952e+12 -1.35135e+13
9.07633 5.49331e+12 4.93525e+12 -5.35198e+12 -1.34519e+13
9.08584 5.31093e+12 4.91811e+12 -5.16781e+12 -1.33858e+13
9.09535 5.13152e+12 4.89935e+12 -4.98697e+12 -1.33155e+13
9.10485 4.95505e+12 4.879e+12 -4.80945e+12 -1.32411e+13
9.11436 4.78153e+12 4.85713e+12 -4.63523e+12 -1.31628e+13
9.12387 4.61093e+12 4.8338e+12 -4.46427e+12 -1.30807e+13
9.13338 4.44325e+12 4.80905e+12 -4.29656e+12 -1.29951e+13
9.14289 4.27847e+12 4.78294e+12 -4.13207e+12 -1.2906e+13
9.1524 4.11658e+12 4.75553e+12 -3.97077e+12 -1.28136e+13
9.16191 3.95756e+12 4.72685e+12 -3.81264e+12 -1.27182e+13
9.17142 3.80139e+12 4.69697e+12 -3.65765e+12 -1.26198e+13
9.18093 3.64807e+12 4.66594e+12 -3.50578e+12 -1.25185e+13
9.19044 3.49756e+12 4.63379e+12 -3.35698e+12 -1.24146e+13
9.19995 3.34986e+12 4.60058e+12 -3.21124e+12 -1.23081e+13
9.20946 3.20494e+12 4.56635e+12 -3.06852e+12 -1.21992e+13
9.21897 3.06278e+12 4.53115e+12 -2.9288e+12 -1.2088e+13
9.22848 2.92337e+12 4.49503e+12 -2.79205e+12 -1.19746e+13
9.23799 2.78668e+12 4.45802e+12 -2.65823e+12 -1.18593e+13
9.2475 2.6527e+12 4.42017e+12 -2.52731e+12 -1.1742e+13
9.25701 2.52139e+12 4.38151e+12 -2.39927e+12 -1.16229e+13
9.26652 2.39275e+12 4.3421e+12 -2.27406e+12 -1.15022e+13
9.27603 2.26674e+12 4.30197e+12 -2.15167e+12 -1.13798e+13
9.28554 2.14335e+12 4.26116e+12 -2.03205e+12 -1.12561e+13
9.29505 2.02254e+12 4.2197e+12 -1.91518e+12 -1.11309e+13
9.30455 1.90431e+12 4.17764e+12 -1.80102e+12 -1.10046e+13
9.31406 1.78861e+12 4.13501e+12 -1.68954e+12 -1.08771e+13
9.32357 1.67543e+12 4.09184e+12 -1.58071e+12 -1.07485e+13
9.33308 1.56475e+12 4.04818e+12 -1.47448e+12 -1.0619e+13
9.34259 1.45653e+12 4.00404e+12 -1.37084e+12 -1.04886e+13
9.3521 1.35075e+12 3.95947e+12 -1.26975e+12 -1.03574e+13
9.36161 1.24739e+12 3.9145e+12 -1.17117e+12 -1.02256e+13
9.37112 1.14642e+12 3.86916e+12 -1.07507e+12 -1.00931e+13
9.38063 1.04782e+12 3.82348e+12 -9.81412e+11 -9.96018e+12
9.39014 9.51548e+11 3.77749e+12 -8.90169e+11 -9.82678e+12
9.39965 8.57591e+11 3.73122e+12 -8.01306e+11 -9.69301e+12
9.40916 7.65917e+11 3.68469e+12 -7.14787e+11 -9.55896e+12
9.41867 6.76499e+11 3.63794e+12 -6.3058e+11 -9.42469e+12
9.42818 5.89312e+11 3.59099e+12 -5.48651e+11 -9.29027e+12
9.43769 5.04327e+11 3.54387e+12 -4.68967e+11 -9.15577e+12
9.4472 4.21516e+11 3.49659e+12 -3.91493e+11 -9.02127e+12
9.45671 3.40853e+11 3.4492e+12 -3.16197e+11 -8.88681e+12
9.46622 2.6231e+11 3.40171e+12 -2.43044e+11 -8.75246e+12
9.47573 1.85858e+11 3.35414e+12 -1.72002e+11 -8.61829e+12
9.48524 1.11471e+11 3.30651e+12 -1.03038e+11 -8.48435e+12
9.49474 3.912e+10 3.25886e+12 -3.61174e+10 -8.35069e+12
9.50425 -3.12226e+10 3.2112e+12 2.87918e+10 -8.21737e+12
9.51376 -9.95847e+10 3.16354e+12 9.17228e+10 -8.08443e+12
9.52327 -1.65994e+11 3.11592e+12 1.52708e+11 -7.95194e+12
9.53278 -2.30479e+11 3.06835e+12 2.1178e+11 -7.81993e+12
9.54229 -2.93067e+11 3.02084e+12 2.68972e+11 -7.68845e+12
9.5518 -3.53787e+11 2.97342e+12 3.24316e+11 -7.55756e+12
9.56131 -4.12665e+11 2.92611e+12 3.77843e+11 -7.42728e+12
9.57082 -4.6973e+11 2.87892e+12 4.29585e+11 -7.29766e+12
9.58033 -5.2501e+11 2.83187e+12 4.79575e+11 -7.16873e+12
9.58984 -5.78532e+11 2.78497e+12 5.27844e+11 -7.04055e+12
9.59935 -6.30324e+11 2.73825e+12 5.74422e+11 -6.91314e+12
9.60886 -6.80413e+11 2.69171e+12 6.19341e+11 -6.78654e+12
9.61837 -7.28828e+11 2.64536e+12 6.62633e+11 -6.66077e+12
9.62788 -7.75595e+11 2.59923e+12 7.04326e+11 -6.53588e+12
9.63739 -8.20741e+11 2.55333e+12 7.44453e+11 -6.41189e+12
9.6469 -8.64294e+11 2.50767e+12 7.83042e+11 -6.28883e+12
9.65641 -9.06281e+11 2.46225e+12 8.20123e+11 -6.16673e+12
9.66592 -9.46729e+11 2.41711e+12 8.55727e+11 -6.04561e+12
9.67543 -9.85663e+11 2.37223e+12 8.89882e+11 -5.92551e+12
9.68493 -1.02311e+12 2.32765e+12 9.22618e+11 -5.80643e+12
9.69444 -1.0591e+12 2.28336e+12 9.53963e+11 -5.68841e+12
9.70395 -1.09366e+12 2.23937e+12 9.83946e+11 -5.57146e+12
9.71346 -1.12681e+12 2.19571e+12 1.0126e+12 -5.45561e+12
9.72297 -1.15858e+12 2.15236e+12 1.03994e+12 -5.34087e+12
9.73248 -1.18899e+12 2.10936e+12 1.066e+12 -5.22727e+12
9.74199 -1.21807e+12 2.06669e+12 1.09082e+12 -5.11481e+12
9.7515 -1.24585e+12 2.02438e+12 1.11441e+12 -5.00351e+12
9.76101 -1.27235e+12 1.98243e+12 1.1368e+12 -4.89339e+12
9.77052 -1.29759e+12 1.94084e+12 1.15802e+12 -4.78447e+12
9.78003 -1.32161e+12 1.89963e+12 1.1781e+12 -4.67674e+12
9.78954 -1.34442e+12 1.85879e+12 1.19706e+12 -4.57023e+12
9.79905 -1.36606e+12 1.81834e+12 1.21492e+12 -4.46495e+12
9.80856 -1.38653e+12 1.77829e+12 1.23172e+12 -4.3609e+12
9.81807 -1.40588e+12 1.73863e+12 1.24748e+12 -4.2581e+12
9.82758 -1.42411e+12 1.69937e+12 1.26221e+12 -4.15654e+12
9.83709 -1.44126e+12 1.66052e+12 1.27596e+12 -4.05625e+12
9.8466 -1.45735e+12 1.62208e+12 1.28873e+12 -3.95722e+12
9.85611 -1.47241e+12 1.58406e+12 1.30056e+12 -3.85946e+12
9.86562 -1.48644e+12 1.54646e+12 1.31146e+12 -3.76297e+12
9.87513 -1.49949e+12 1.50928e+12 1.32147e+12 -3.66776e+12
9.88463 -1.51156e+12 1.47252e+12 1.3306e+12 -3.57384e+12
9.89414 -1.52269e+12 1.4362e+12 1.33887e+12 -3.48119e+12
9.90365 -1.53289e+12 1.40031e+12 1.34631e+12 -3.38984e+12
9.91316 -1.54218e+12 1.36486e+12 1.35295e+12 -3.29977e+12
9.92267 -1.5506e+12 1.32985e+12 1.35879e+12 -3.21099e+12
9.93218 -1.55815e+12 1.29527e+12 1.36387e+12 -3.1235e+12
9.94169 -1.56486e+12 1.26114e+12 1.36819e+12 -3.0373e+12
9.9512 -1.57075e+12 1.22745e+12 1.3718e+12 -2.95238e+12
9.96071 -1.57583e+12 1.1942e+12 1.37469e+12 -2.86875e+12
9.97022 -1.58014e+12 1.1614e+12 1.3769e+12 -2.7864e+12
9.97973 -1.5837e+12 1.12905e+12 1.37845e+12 -2.70533e+12
9.98924 -1.58651e+12 1.09714e+12 1.37935e+12 -2.62554e+12
9.99875 -1.5886e+12 1.06568e+12 1.37962e+12 -2.54702e+12
10.0083 -1.58998e+12 1.03467e+12 1.37928e+12 -2.46976e+12
10.0178 -1.59069e+12 1.00411e+12 1.37835e+12 -2.39377e+12
10.0273 -1.59073e+12 9.73994e+11 1.37685e+12 -2.31904e+12
10.0368 -1.59013e+12 9.44327e+11 1.37479e+12 -2.24557e+12
10.0463 -1.5889e+12 9.15107e+11 1.3722e+12 -2.17334e+12
10.0558 -1.58706e+12 8.86334e+11 1.36908e+12 -2.10235e+12
10.0653 -1.58462e+12 8.58006e+11 1.36547e+12 -2.0326e+12
10.0748 -1.58162e+12 8.30123e+11 1.36136e+12 -1.96407e+12
10.0843 -1.57805e+12 8.02684e+11 1.35679e+12 -1.89677e+12
10.0938 -1.57395e+12 7.75686e+11 1.35176e+12 -1.83067e+12
10.1034 -1.56932e+12 7.4913e+11 1.34629e+12 -1.76578e+12
10.1129 -1.56418e+12 7.23013e+11 1.34041e+12 -1.70209e+12
10.1224 -1.55856e+12 6.97334e+11 1.33411e+12 -1.63959e+12
10.1319 -1.55245e+12 6.7209e+11 1.32742e+12 -1.57826e+12
10.1414 -1.54589e+12 6.4728e+11 1.32035e+12 -1.51811e+12
10.1509 -1.53888e+12 6.22902e+11 1.31292e+12 -1.45911e+12
10.1604 -1.53145e+12 5.98953e+11 1.30514e+12 -1.40127e+12
10.1699 -1.52359e+12 5.75431e+11 1.29702e+12 -1.34457e+12
10.1794 -1.51534e+12 5.52334e+11 1.28858e+12 -1.289e+12
10.1889 -1.5067e+12 5.29659e+11 1.27983e+12 -1.23455e+12
10.1984 -1.4977e+12 5.07404e+11 1.27079e+12 -1.18122e+12
10.208 -1.48833e+12 4.85565e+11 1.26146e+12 -1.12898e+12
10.2175 -1.47862e+12 4.6414e+11 1.25186e+12 -1.07783e+12
10.227 -1.46857e+12 4.43126e+11 1.242e+12 -1.02777e+12
10.2365 -1.45821e+12 4.2252e+11 1.2319e+12 -9.78768e+11
10.246 -1.44755e+12 4.02319e+11 1.22156e+12 -9.30826e+11
10.2555 -1.43659e+12 3.8252e+11 1.21099e+12 -8.83931e+11
10.265 -1.42536e+12 3.63119e+11 1.20022e+12 -8.3807e+11
10.2745 -1.41385e+12 3.44113e+11 1.18924e+12 -7.93232e+11
10.284 -1.40209e+12 3.25499e+11 1.17807e+12 -7.49406e+11
10.2935 -1.39009e+12 3.07273e+11 1.16672e+12 -7.0658e+11
10.3031 -1.37785e+12 2.89432e+11 1.1552e+12 -6.64742e+11
10.3126 -1.36539e+12 2.71972e+11 1.14352e+12 -6.2388e+11
10.3221 -1.35273e+12 2.5489e+11 1.13169e+12 -5.83984e+11
10.3316 -1.33986e+12 2.38182e+11 1.11971e+12 -5.45039e+11
10.3411 -1.3268e+12 2.21844e+11 1.10761e+12 -5.07036e+11
10.3506 -1.31357e+12 2.05872e+11 1.09538e+12 -4.69961e+11
10.3601 -1.30017e+12 1.90263e+11 1.08304e+12 -4.33802e+11
10.3696 -1.28661e+12 1.75012e+11 1.0706e+12 -3.98549e+11
10.3791 -1.2729e+12 1.60117e+11 1.05806e+12 -3.64187e+11
10.3886 -1.25905e+12 1.45572e+11 1.04543e+12 -3.30706e+11
10.3981 -1.24508e+12 1.31375e+11 1.03271e+12 -2.98093e+11
10.4077 -1.23098e+12 1.1752e+11 1.01993e+12 -2.66335e+11
10.4172 -1.21677e+12 1.04005e+11 1.00708e+12 -2.35422e+11
10.4267 -1.20246e+12 9.08243e+10 9.94177e+11 -2.0534e+11
10.4362 -1.18806e+12 7.79746e+10 9.81221e+11 -1.76077e+11
10.4457 -1.17357e+12 6.54518e+10 9.68221e+11 -1.47622e+11
10.4552 -1.159e+12 5.32518e+10 9.55184e+11 -1.19962e+11
10.4647 -1.14436e+12 4.13704e+10 9.42118e+11 -9.30848e+10
10.4742 -1.12965e+12 2.98035e+10 9.29028e+11 -6.69787e+10
10.4837 -1.1149e+12 1.85469e+10 9.15921e+11 -4.16317e+10
10.4932 -1.10009e+12 7.59665e+09 9.02803e+11 -1.70316e+10
10.5028 -1.08525e+12 -3.05155e+09 8.8968e+11 6.83342e+09
10.5123 -1.07037e+12 -1.34018e+10 8.76557e+11 2.99754e+10
10.5218 -1.05547e+12 -2.34583e+10 8.63441e+11 5.24061e+10
10.5313 -1.04055e+12 -3.32252e+10 8.50336e+11 7.41373e+10
10.5408 -1.02561e+12 -4.27066e+10 8.37247e+11 9.51809e+10
10.5503 -1.01067e+12 -5.19067e+10 8.24181e+11 1.15548e+11
10.5598 -9.95724e+11 -6.08296e+10 8.11141e+11 1.35252e+11
10.5693 -9.80785e+11 -6.94796e+10 7.98133e+11 1.54302e+11
10.5788 -9.65857e+11 -7.78606e+10 7.85161e+11 1.72711e+11
10.5883 -9.50946e+11 -8.5977e+10 7.72229e+11 1.90491e+11
10.5978 -9.36056e+11 -9.38328e+10 7.59343e+11 2.07651e+11
10.6074 -9.21194e+11 -1.01432e+11 7.46505e+11 2.24205e+11
10.6169 -9.06364e+11 -1.08779e+11 7.33721e+11 2.40162e+11
10.6264 -8.91571e+11 -1.15877e+11 7.20993e+11 2.55535e+11
10.6359 -8.76821e+11 -1.22732e+11 7.08326e+11 2.70333e+11
10.6454 -8.62117e+11 -1.29346e+11 6.95723e+11 2.84569e+11
10.6549 -8.47465e+11 -1.35724e+11 6.83188e+11 2.98252e+11
10.6644 -8.32869e+11 -1.4187e+11 6.70724e+11 3.11394e+11
10.6739 -8.18333e+11 -1.47788e+11 6.58334e+11 3.24005e+11
10.6834 -8.03861e+11 -1.53481e+11 6.46021e+11 3.36096e+11
10.6929 -7.89457e+11 -1.58955e+11 6.33789e+11 3.47677e+11
10.7025 -7.75126e+11 -1.64212e+11 6.2164e+11 3.58759e+11
10.712 -7.6087e+11 -1.69257e+11 6.09576e+11 3.69352e+11
10.7215 -7.46693e+11 -1.74093e+11 5.97601e+11 3.79466e+11
10.731 -7.326e+11 -1.78725e+11 5.85717e+11 3.89111e+11
10.7405 -7.18592e+11 -1.83156e+11 5.73926e+11 3.98297e+11
10.75 -7.04674e+11 -1.8739e+11 5.6223e+11 4.07035e+11
