data  errp  errm 
X Y X Y X Y
278.90931724354425 229.00718677572948 279.83833430581524 278.3495960214523 278.8197824752623 181.70675271886643
282.2035598830779 289.95978652188415 282.9840407509323 335.16533754225867 280.3935546814783 245.06048267078324
290.00644304189535 320.5782111976716 290.95240508049216 349.935966095918 288.99916541771637 287.90741330605107
295.0184043889355 357.35478359525365 293.88778732435435 380.63552981719477 294.10932385251976 332.3853024435906
302.5623970975218 403.962571388354 302.4167170597206 428.26769916097805 302.3443986187559 378.8188880050128
312.1172141269909 463.0868178854816 310.466067573518 479.05780686710034 311.31043390145845 450.2850828421566
313.1096521189161 453.44294515933353 314.6274209389624 465.2418605170284 312.23483102230773 432.74161578138984
316.96668356088776 442.9479085980293 317.422891480732 455.0110938497977 317.1484645667716 421.24094833333737
325.29458379353184 392.6808904493043 325.08683186830217 410.51082450331484 324.00016672207283 373.0078010947047
332.0578122273019 358.4450605137552 331.4773854378565 375.59884999401487 331.87944575804886 341.678250029982
334.4357161699442 368.6292495508606 334.57599302470135 382.6732003628062 335.05644818128485 355.097571662653
340.7063009635557 311.51799431926753 340.0840153151853 324.1455910286109 339.71430593790694 294.18609490989365
352.96811460609644 284.3420262171336 353.1485589996687 297.5989734433736 353.9698186803405 270.08950026074774
368.55417638214215 257.11415623239986 369.16686860784637 269.41507479739687 368.35137848913837 244.80105059073037
381.42438217356107 236.88926769603177 382.4228900925337 244.19408233335324 381.7031510624934 228.46130744459535
388.8765504695927 214.4756617191538 388.2527702208749 227.6468110090971 388.5963619952703 201.12613749673605
393.94301462786444 273.1504918708523 392.77671365078135 284.224089791671 393.32012758500923 262.5129643976508
405.77560584009143 247.58527584538828 405.94580574091634 257.0177216970704 406.0721721323439 238.77677690425702
435.73391411407994 264.5637709071065 436.8688705438583 272.40349567868896 435.6254332285027 258.7550934376174
450.4746149961188 271.735284451777 450.0925315914903 278.8121866893088 449.8153922065146 263.9136259341462
464.7735330315337 315.9051248399473 464.36106505896686 322.99816333056066 464.1177134107651 308.24939463659996
476.58030313210645 287.34887488391854 476.7427142484364 296.2122972385833 475.91406029022534 280.7129883090501
484.6388148900167 310.00352020660534 483.7092679679521 319.9421711457552 483.42409970028257 303.55433521683153
497.323206578714 333.65184083035007 498.5859141227488 341.5376627765623 496.07669879873856 326.71068596133625
500.34827347243714 345.14362936335505 499.956646476676 356.20729310965385 499.66189965203006 337.9619125295875
511.6822780254142 370.61041561450514 509.52097137048605 381.15706980300934 511.5347777683152 361.20505478877595
523.0218669021637 367.9221887423832 523.5182332208567 374.9330646318426 522.704166738943 361.1747676430932
531.6036393154936 384.1701680195515 532.1681358708286 391.0163760510189 532.5570777604805 377.1049375672487
550.255022238654 393.5842768560519 549.5388607865083 401.1484145333445 548.0752817537236 387.33393517061995
556.3256106702645 386.1858771506488 555.6908245372405 392.78228645160544 556.6638557465476 374.8437207358871
559.0885622836087 398.37952604844196 560.9588583050408 404.88356064898306 559.4648645552721 390.9404528358849
579.9168332410952 389.00642513732026 579.0113085932627 399.19687232746116 578.7382100204289 382.75343027469034
582.06923621542 380.67379374694315 582.7451420058497 385.43599008737834 579.8427758076873 370.43053928107093
595.5599464419694 376.798572944457 596.1467552811363 385.40197025040703 595.8187239803412 366.94520674995056
621.8610083131132 348.7848600403778 621.9429227265091 357.57288897259997 621.5518230052807 338.070439983206
636.4766775131128 355.17929351818066 634.9507570125068 365.1439438632919 634.5514775047141 345.22856057055697
653.2936166014349 327.9066402999056 651.8638970799838 334.081358077688 651.5564365911603 320.3201093473744
683.9495752674821 341.6543645440203 684.0485599482485 347.55607861228305 683.779682025408 335.58421395841526
710.9725160131927 360.1041828709532 711.4539702556305 367.5505740419399 709.4104018558181 348.3200269214112
741.8610756500857 352.5758727206439 742.7066947131124 360.6825593573754 742.2785632593865 342.6080320124911
754.0678857494967 369.6427653017251 754.9188081748197 373.52672002965255 754.661631289447 362.34985427748967
767.3145085848456 358.29757986336705 766.7989509732691 363.5997649290528 764.8068580171578 353.1354275425082
777.3006385152715 351.084675073911 777.2193754533303 358.9373836033102 776.8527893451412 344.15228262433095
792.9388663503153 356.80131898061273 793.3812114441106 362.7030451817288 793.0589653095637 349.80047188230765
812.2989148511331 349.8398301386199 815.1658329345311 356.3637484464437 811.0846353057294 341.6906908304249
847.45467426086 337.69669049713514 848.852621225495 342.8299974882954 846.6251681650888 332.1862256233071
873.948996762997 333.57137977236493 873.2668830226008 340.79535796429303 871.9318130961975 329.05782432846956
918.0279185411437 329.4729015876025 915.9147049164297 338.7473775097594 915.3747321951477 321.3963155222039
946.6424472536474 322.81800581806954 944.1674943340169 329.34077157678973 949.1639670625576 317.6179982315847
950.141567147987 315.47622462532735 954.6246381142371 319.0988968937718 949.9323651266612 308.47292378503596
958.0792059491215 327.64105666904084 961.6876375351455 335.1401920082922 956.8603263289156 320.96575396684057
1011.8560659994733 309.0653612076712 1010.3271696957918 315.3225375732898 1012.1493376101129 302.3313206261499
1054.810246123382 294.72915793805646 1051.9273647737632 299.4735076142421 1053.8245604048223 287.13526710254604
1166.289890310081 273.12553168146115 1166.9592554182645 278.43283638329115 1163.820805616078 268.21683199583833
1192.4730437223661 269.06924110105507 1193.639829410465 275.1741682934204 1193.0924681264696 264.1478435996824
1198.2749607535852 259.41644767408746 1198.6088097986074 265.6908696897898 1189.868141844196 254.15882916786612
1279.3332274284032 251.74770598968527 1282.7489723896254 257.07103985115384 1277.8120829887266 247.06188862718085
1369.120826279672 238.7506917187246 1367.7810137966349 243.27302953346438 1365.689919615776 234.89431984711683
1381.202737072913 229.87096357713617 1381.304304532734 234.88395334916467 1371.213388479521 224.42667396132484
1499.1210822635942 210.7442823883359 1497.7889909676212 216.87477972065406 1500.3526772813686 206.24577499432408
1644.1000645075535 190.8639235828777 1634.7413565461745 195.159390312714 1645.1322876973027 186.89705951618208
1829.47048726248 173.55193298070273 1831.724187749126 177.66432303983416 1828.660180219945 169.3545527206335
1916.5284516286606 160.42977098124294 1917.4137566178101 164.06477456708754 1912.1317202775028 157.124422908738
2060.957000376742 155.15739274886928 2056.9262637317897 160.41871980379025 2060.257991395783 151.31393910591615
