#rmax dl0 dl1 dl2 ... 
2.5 -0.677716 0.605807 -1.54977 -0.888617 -0.613327 -1.08048 0.274315 0.045653 0.00780612
2.52525 -0.677202 0.606 -1.54972 -0.887273 -0.608807 -1.07909 0.280511 0.0480443 0.00844682
2.55051 -0.67644 0.60641 -1.54962 -0.886228 -0.604707 -1.0775 0.286491 0.0505081 0.00920653
2.57576 -0.675608 0.606838 -1.54961 -0.885482 -0.601077 -1.07582 0.292137 0.0529581 0.00989988
2.60101 -0.674685 0.60731 -1.5497 -0.885008 -0.597868 -1.07409 0.297432 0.0554194 0.0105142
2.62626 -0.673524 0.608027 -1.54962 -0.884685 -0.595028 -1.07219 0.302493 0.0579334 0.0112468
2.65152 -0.672161 0.608971 -1.54936 -0.884447 -0.592549 -1.07013 0.307339 0.0604766 0.0121043
2.67677 -0.670728 0.609966 -1.54912 -0.884376 -0.590417 -1.06808 0.311809 0.0630228 0.0128774
2.70202 -0.66914 0.61116 -1.54868 -0.88431 -0.588599 -1.06589 0.316071 0.0655786 0.0137741
2.72727 -0.667441 0.612518 -1.54803 -0.884199 -0.587073 -1.06356 0.32014 0.0681281 0.0147905
2.75253 -0.665717 0.613902 -1.5474 -0.884186 -0.585806 -1.06131 0.323822 0.0706718 0.0157165
2.77778 -0.663967 0.615322 -1.54676 -0.884273 -0.58477 -1.05918 0.32711 0.0732089 0.0165589
2.80303 -0.662173 0.616853 -1.54592 -0.884253 -0.583945 -1.05696 0.330216 0.0757202 0.0175166
2.82828 -0.660375 0.618453 -1.54492 -0.884098 -0.583297 -1.05468 0.333153 0.0781995 0.0185769
2.85354 -0.658606 0.620047 -1.54392 -0.884012 -0.582812 -1.05256 0.335717 0.0806477 0.0195614
2.87879 -0.656877 0.621663 -1.54278 -0.883768 -0.582451 -1.05041 0.338126 0.0830529 0.0206391
2.90404 -0.655208 0.623271 -1.54154 -0.883357 -0.582176 -1.04822 0.340393 0.0854262 0.0217948
2.92929 -0.653613 0.624835 -1.54033 -0.883008 -0.582011 -1.04625 0.342318 0.0877406 0.0228848
2.95455 -0.652108 0.626352 -1.53904 -0.882494 -0.581885 -1.04428 0.344108 0.0900102 0.024038
2.9798 -0.650707 0.627801 -1.5378 -0.882046 -0.581854 -1.04252 0.34559 0.0921831 0.0251411
3.00505 -0.649405 0.629185 -1.53651 -0.881437 -0.581822 -1.04078 0.346965 0.0943194 0.0263042
3.0303 -0.64821 0.630478 -1.53523 -0.880689 -0.581755 -1.0391 0.348217 0.0964122 0.0274957
3.05556 -0.647138 0.631685 -1.534 -0.880011 -0.581767 -1.03762 0.349224 0.0983838 0.0286601
3.08081 -0.646169 0.632796 -1.53279 -0.879212 -0.581716 -1.0362 0.350131 0.100315 0.0298478
3.10606 -0.645352 0.633794 -1.53164 -0.878483 -0.581753 -1.03497 0.35084 0.102076 0.0310183
3.13131 -0.644628 0.634695 -1.53054 -0.877652 -0.581707 -1.0338 0.351472 0.103801 0.0322063
3.15657 -0.643973 0.635511 -1.5295 -0.876748 -0.581556 -1.03271 0.352021 0.105505 0.033398
3.18182 -0.643485 0.636196 -1.52854 -0.875913 -0.5815 -1.03178 0.352434 0.10701 0.0345831
3.20707 -0.643051 0.636802 -1.52764 -0.875029 -0.58133 -1.03092 0.352783 0.108487 0.0357606
3.23232 -0.642645 0.637354 -1.52683 -0.874122 -0.581036 -1.03016 0.353065 0.109953 0.0369276
3.25758 -0.642413 0.637759 -1.52609 -0.873281 -0.58085 -1.02951 0.353267 0.111195 0.0380865
3.28283 -0.64219 0.638122 -1.52543 -0.872439 -0.580541 -1.02894 0.353421 0.112421 0.0392262
3.30808 -0.641949 0.638471 -1.52484 -0.871614 -0.58011 -1.02845 0.353531 0.113642 0.0403512
3.33333 -0.641887 0.63866 -1.52433 -0.870849 -0.5798 -1.02805 0.353604 0.114625 0.041456
3.35859 -0.641791 0.63885 -1.52389 -0.870113 -0.579376 -1.02771 0.353649 0.115604 0.0425424
3.38384 -0.64188 0.638863 -1.52356 -0.869429 -0.579074 -1.02743 0.353676 0.116343 0.0435824
3.40909 -0.641916 0.638895 -1.52328 -0.868785 -0.578665 -1.02721 0.353687 0.117084 0.044597
3.43434 -0.641882 0.638967 -1.52303 -0.86819 -0.578162 -1.02704 0.353691 0.117825 0.0455956
3.4596 -0.64177 0.639099 -1.52278 -0.867647 -0.577583 -1.02691 0.353702 0.11856 0.0465911
3.48485 -0.641825 0.639057 -1.52266 -0.867159 -0.577126 -1.02682 0.353705 0.119081 0.0475025
3.5101 -0.641793 0.639084 -1.52253 -0.86672 -0.576604 -1.02675 0.353723 0.119601 0.0484066
3.53535 -0.641675 0.639191 -1.52237 -0.866325 -0.576037 -1.02668 0.353775 0.120112 0.0493211
3.56061 -0.641705 0.639127 -1.52236 -0.86599 -0.575574 -1.02666 0.353803 0.120445 0.0501106
3.58586 -0.641645 0.63915 -1.52232 -0.865695 -0.575078 -1.02664 0.353867 0.120776 0.0508999
3.61111 -0.641704 0.639017 -1.52245 -0.86548 -0.574654 -1.02668 0.353876 0.120973 0.0515311
3.63636 -0.641478 0.639214 -1.52228 -0.865233 -0.574132 -1.0266 0.354048 0.121282 0.0523542
3.66162 -0.64137 0.639259 -1.52228 -0.865063 -0.573691 -1.02659 0.354163 0.121467 0.0530096
3.68687 -0.641344 0.639177 -1.52246 -0.865001 -0.573298 -1.02668 0.354183 0.121567 0.0534705
3.71212 -0.641098 0.639389 -1.5223 -0.864832 -0.572875 -1.02656 0.354433 0.121729 0.0541726
3.73737 -0.640932 0.639478 -1.52232 -0.864768 -0.572502 -1.02655 0.354583 0.121818 0.0546796
3.76263 -0.640716 0.639637 -1.52225 -0.864682 -0.572153 -1.02646 0.35481 0.121894 0.0552142
3.78788 -0.640546 0.639708 -1.52234 -0.864735 -0.571838 -1.02652 0.354898 0.121933 0.0555344
3.81313 -0.640265 0.639975 -1.52211 -0.864563 -0.571546 -1.02627 0.355294 0.121978 0.0561348
3.83838 -0.640075 0.640051 -1.52227 -0.864744 -0.571285 -1.0264 0.355299 0.121994 0.0562747
3.86364 -0.639808 0.640287 -1.52211 -0.864664 -0.571052 -1.02622 0.355623 0.122008 0.0566955
3.88889 -0.639539 0.640542 -1.52189 -0.864511 -0.570844 -1.02594 0.356033 0.122013 0.0571447
3.91414 -0.639289 0.640747 -1.5218 -0.864525 -0.570664 -1.02583 0.356266 0.122016 0.0573855
3.93939 -0.639039 0.640936 -1.52182 -0.864724 -0.570527 -1.02589 0.356321 0.122017 0.0574396
3.96465 -0.638784 0.641183 -1.5216 -0.864594 -0.570386 -1.02562 0.356703 0.122021 0.0577443
3.9899 -0.638538 0.641409 -1.52149 -0.864645 -0.570292 -1.02551 0.356902 0.122023 0.0578694
4.01515 -0.6383 0.641642 -1.52132 -0.864616 -0.570207 -1.02533 0.357168 0.122031 0.0580248
4.0404 -0.638071 0.64187 -1.52112 -0.864508 -0.570118 -1.02508 0.357489 0.122056 0.0581982
4.06566 -0.637861 0.642091 -1.52098 -0.864578 -0.570109 -1.02499 0.357645 0.122058 0.0582372
4.09091 -0.637642 0.642305 -1.52075 -0.864322 -0.569975 -1.02462 0.358054 0.122141 0.0584288
4.11616 -0.637446 0.642512 -1.52056 -0.864243 -0.569925 -1.02442 0.358296 0.122198 0.0584959
4.14141 -0.637301 0.642701 -1.5204 -0.864318 -0.570001 -1.02435 0.358404 0.122189 0.0584794
4.16667 -0.637107 0.642892 -1.5202 -0.864109 -0.569881 -1.02406 0.358705 0.122321 0.0585626
4.19192 -0.636972 0.643061 -1.52003 -0.864047 -0.569892 -1.02389 0.358879 0.12238 0.058574
4.21717 -0.636832 0.643224 -1.51985 -0.86393 -0.569855 -1.0237 0.359072 0.122484 0.0585915
4.24242 -0.636797 0.64333 -1.51968 -0.863919 -0.56999 -1.02359 0.359182 0.122466 0.058578
4.26768 -0.63662 0.6435 -1.51951 -0.863718 -0.569836 -1.02336 0.359389 0.122681 0.0585958
4.29293 -0.636559 0.643603 -1.51936 -0.863617 -0.569859 -1.02321 0.359521 0.122763 0.0585919
4.31818 -0.636471 0.643717 -1.51921 -0.863484 -0.569816 -1.02305 0.359653 0.122903 0.0585891
4.34343 -0.636547 0.643717 -1.51908 -0.863405 -0.569973 -1.02293 0.359749 0.122871 0.0585868
4.36869 -0.63638 0.643875 -1.51894 -0.863236 -0.56979 -1.02278 0.359867 0.123141 0.0585837
4.39394 -0.636385 0.643909 -1.51883 -0.863114 -0.569809 -1.02266 0.359955 0.123228 0.0585848
4.41919 -0.636343 0.643973 -1.51872 -0.862983 -0.569757 -1.02254 0.360034 0.123379 0.0585887
4.44444 -0.636244 0.644081 -1.5186 -0.862852 -0.569637 -1.02244 0.360102 0.123596 0.0585995
4.4697 -0.636355 0.64401 -1.51855 -0.862734 -0.569714 -1.02234 0.360161 0.123607 0.0586083
4.49495 -0.636411 0.643976 -1.51851 -0.862614 -0.569718 -1.02226 0.360209 0.12368 0.0586199
4.5202 -0.636407 0.643991 -1.51845 -0.862499 -0.569658 -1.02219 0.360249 0.123814 0.0586409
4.54545 -0.636339 0.644064 -1.51837 -0.862389 -0.569543 -1.02212 0.360285 0.124005 0.0586807
4.57071 -0.636487 0.643922 -1.51842 -0.862288 -0.569585 -1.02207 0.3603 0.123999 0.0586785
4.59596 -0.636296 0.644119 -1.51826 -0.862188 -0.569382 -1.02201 0.360343 0.124286 0.0587746
4.62121 -0.636318 0.644097 -1.51824 -0.862099 -0.569327 -1.02197 0.36036 0.12438 0.0588177
4.64646 -0.63628 0.644137 -1.51819 -0.862011 -0.569234 -1.02192 0.360388 0.124516 0.0588924
4.67172 -0.636428 0.64396 -1.51833 -0.861963 -0.569241 -1.02194 0.36035 0.124497 0.0588621
4.69697 -0.636284 0.64412 -1.51817 -0.861866 -0.569095 -1.02186 0.360417 0.124696 0.0590178
4.72222 -0.636315 0.64407 -1.51821 -0.86182 -0.569037 -1.02186 0.360407 0.124752 0.0590532
4.74747 -0.636294 0.644079 -1.51821 -0.861766 -0.568958 -1.02184 0.360421 0.124836 0.0591298
4.77273 -0.636235 0.64414 -1.51814 -0.861692 -0.568868 -1.02179 0.360473 0.124936 0.059258
4.79798 -0.636292 0.64403 -1.51829 -0.861727 -0.568814 -1.02188 0.360386 0.12495 0.0592084
4.82323 -0.636176 0.644177 -1.51811 -0.861593 -0.56872 -1.02174 0.360532 0.125062 0.0594496
4.84848 -0.636161 0.644166 -1.51814 -0.861583 -0.568652 -1.02175 0.360524 0.125104 0.0594997
4.87374 -0.63612 0.644196 -1.51812 -0.861541 -0.568582 -1.02172 0.360564 0.125152 0.0596033
4.89899 -0.636125 0.644123 -1.51831 -0.86168 -0.568516 -1.02189 0.360404 0.125172 0.0594869
4.92424 -0.63605 0.644216 -1.51818 -0.861556 -0.568452 -1.02175 0.360552 0.125221 0.0597018
4.94949 -0.63601 0.644222 -1.51825 -0.861625 -0.568391 -1.02183 0.360491 0.125251 0.0596927
4.97475 -0.635956 0.644258 -1.51825 -0.86165 -0.568336 -1.02185 0.360485 0.125279 0.0597388
5 -0.635897 0.644311 -1.51822 -0.861623 -0.568284 -1.02181 0.360538 0.125304 0.0598387
