#E sigma_tot
0.0627119 14.9809
0.0633271 15.1282
0.0639424 15.2855
0.0645576 15.4538
0.0651729 15.6335
0.0657881 15.8273
0.0664034 16.0355
0.0670186 16.2604
0.0676339 16.5038
0.0682492 16.7676
0.0688644 17.0549
0.0694797 17.368
0.0700949 17.7105
0.0707102 18.0858
0.0713254 18.4983
0.0719407 18.9529
0.0725559 19.4549
0.0731712 20.011
0.0737864 20.6287
0.0744017 21.3156
0.0750169 22.0817
0.0756322 22.9377
0.0762475 23.8961
0.0768627 24.9705
0.077478 26.1735
0.0780932 27.5257
0.0787085 29.0385
0.0793237 30.7353
0.079939 32.6231
0.0805542 34.717
0.0811695 37.0219
0.0817847 39.5318
0.0824 42.2249
0.0830153 45.0491
0.0836305 47.9526
0.0842458 50.8196
0.084861 53.5348
0.0854763 55.9623
0.0860915 57.9438
0.0867068 59.3628
0.087322 60.1356
0.0879373 60.2394
0.0885525 59.7036
0.0891678 58.6131
0.0897831 57.077
0.0903983 55.2262
0.0910136 53.1752
0.0916288 51.0338
0.0922441 48.8812
0.0928593 46.7781
0.0934746 44.7656
0.0940898 42.8686
0.0947051 41.1019
0.0953203 39.4667
0.0959356 37.9647
0.0965508 36.5876
0.0971661 35.331
0.0977814 34.1832
0.0983966 33.1387
0.0990119 32.187
0.0996271 31.3195
0.100242 30.5283
0.100858 29.806
0.101473 29.1493
0.102088 28.5455
0.102703 27.9922
0.103319 27.4887
0.103934 27.0223
0.104549 26.5978
0.105164 26.2023
0.10578 25.8424
0.106395 25.5106
0.10701 25.2041
0.107625 24.9206
0.108241 24.6582
0.108856 24.4148
0.109471 24.189
0.110086 23.979
0.110702 23.7908
0.111317 23.6089
0.111932 23.4467
0.112547 23.2886
0.113163 23.1484
0.113778 23.0103
0.114393 22.8888
0.115008 22.7756
0.115624 22.6701
0.116239 22.5717
0.116854 22.4799
0.117469 22.3943
0.118085 22.3143
0.1187 22.2397
0.119315 22.17
0.119931 22.113
0.120546 22.0523
0.121161 21.9956
0.121776 21.9508
0.122392 21.9015
0.123007 21.8635
0.123622 21.8286
0.124237 21.7889
0.124853 21.7598
0.125468 21.7333
0.126083 21.7092
0.126698 21.6875
0.127314 21.668
0.127929 21.6507
0.128544 21.6354
0.129159 21.622
0.129775 21.6105
0.13039 21.6008
0.131005 21.5995
0.13162 21.5931
0.132236 21.5883
0.132851 21.5914
0.133466 21.5897
0.134081 21.5954
0.134697 21.6024
0.135312 21.6048
0.135927 21.6143
0.136542 21.6249
0.137158 21.6365
0.137773 21.6442
0.138388 21.6582
0.139003 21.6733
0.139619 21.6894
0.140234 21.7066
0.140849 21.7248
0.141464 21.7441
0.14208 21.7686
0.142695 21.7898
0.14331 21.812
0.143925 21.8354
0.144541 21.8633
0.145156 21.8886
0.145771 21.9183
0.146386 21.9455
0.147002 21.9769
0.147617 22.0062
0.148232 22.0394
0.148847 22.0735
0.149463 22.1057
0.150078 22.1416
0.150693 22.1784
0.151308 22.2161
0.151924 22.2525
0.152539 22.2921
0.153154 22.3327
0.153769 22.3743
0.154385 22.4168
0.155 22.4603
0.155615 22.5066
0.156231 22.5521
0.156846 22.5985
0.157461 22.646
0.158076 22.6946
0.158692 22.7458
0.159307 22.7965
0.159922 22.8482
0.160537 22.9026
0.161153 22.9565
0.161768 23.013
0.162383 23.0692
0.162998 23.1279
0.163614 23.1864
0.164229 23.2475
0.164844 23.3097
0.165459 23.3717
0.166075 23.4364
0.16669 23.5023
0.167305 23.5695
0.16792 23.6365
0.168536 23.7063
0.169151 23.7773
0.169766 23.8498
0.170381 23.9235
0.170997 23.9987
0.171612 24.0753
0.172227 24.1533
0.172842 24.2327
0.173458 24.3154
0.174073 24.3978
0.174688 24.4818
0.175303 24.5672
0.175919 24.6543
0.176534 24.7449
0.177149 24.8351
0.177764 24.927
0.17838 25.0226
0.178995 25.1179
0.17961 25.217
0.180225 25.3157
0.180841 25.4184
0.181456 25.5207
0.182071 25.6271
0.182686 25.7331
0.183302 25.8432
0.183917 25.9553
0.184532 26.0671
0.185147 26.1832
0.185763 26.3012
0.186378 26.4213
0.186993 26.5413
0.187608 26.6655
0.188224 26.7919
0.188839 26.9204
0.189454 27.0511
0.190069 27.184
0.190685 27.3191
0.1913 27.4564
0.191915 27.596
0.192531 27.7378
0.193146 27.8819
0.193761 28.0284
0.194376 28.1772
0.194992 28.3284
0.195607 28.4833
0.196222 28.6392
0.196837 28.7974
0.197453 28.958
0.198068 29.122
0.198683 29.2874
0.199298 29.4551
0.199914 29.6259
0.200529 29.7983
0.201144 29.9732
0.201759 30.1506
0.202375 30.3301
0.20299 30.5118
0.203605 30.6958
0.20422 30.8816
0.204836 31.0701
0.205451 31.2599
0.206066 31.4516
0.206681 31.6462
0.207297 31.8415
0.207912 32.0386
0.208527 32.2388
0.209142 32.4391
0.209758 32.6408
0.210373 32.8439
0.210988 33.0504
0.211603 33.256
0.212219 33.4626
0.212834 33.6701
0.213449 33.8784
0.214064 34.0874
0.21468 34.2969
0.215295 34.5067
0.21591 34.7168
0.216525 34.9269
0.217141 35.137
0.217756 35.3467
0.218371 35.556
0.218986 35.7647
0.219602 35.9725
0.220217 36.1793
0.220832 36.3849
0.221447 36.5859
0.222063 36.7885
0.222678 36.9893
0.223293 37.188
0.223908 37.3815
0.224524 37.5756
0.225139 37.767
0.225754 37.9528
0.226369 38.1383
0.226985 38.3206
0.2276 38.497
0.228215 38.6721
0.228831 38.8434
0.229446 39.0087
0.230061 39.1717
0.230676 39.3287
0.231292 39.4829
0.231907 39.631
0.232522 39.7756
0.233137 39.9142
0.233753 40.0479
0.234368 40.1774
0.234983 40.3008
0.235598 40.4191
0.236214 40.5323
0.236829 40.6398
0.237444 40.7418
0.238059 40.8381
0.238675 40.9289
0.23929 41.0141
0.239905 41.0938
0.24052 41.1671
0.241136 41.2354
0.241751 41.2981
0.242366 41.3551
0.242981 41.4066
0.243597 41.4526
0.244212 41.4931
0.244827 41.5272
0.245442 41.5569
0.246058 41.5814
0.246673 41.6007
0.247288 41.6149
0.247903 41.6242
0.248519 41.6286
0.249134 41.6282
0.249749 41.6233
0.250364 41.6149
0.25098 41.601
0.251595 41.5829
0.25221 41.5607
0.252825 41.5346
0.253441 41.5046
0.254056 41.4709
0.254671 41.4345
0.255286 41.3939
0.255902 41.35
0.256517 41.303
0.257132 41.2537
0.257747 41.2009
0.258363 41.1454
0.258978 41.0874
0.259593 41.0274
0.260208 40.9647
0.260824 40.9001
0.261439 40.8332
0.262054 40.7645
0.262669 40.6942
0.263285 40.622
0.2639 40.5484
0.264515 40.4734
0.265131 40.397
0.265746 40.3195
0.266361 40.2409
0.266976 40.1613
0.267592 40.0807
0.268207 39.9995
0.268822 39.9175
0.269437 39.835
0.270053 39.7518
0.270668 39.6683
0.271283 39.5843
0.271898 39.5001
0.272514 39.4158
0.273129 39.3311
0.273744 39.2464
0.274359 39.1619
0.274975 39.0773
0.27559 38.9927
0.276205 38.9084
0.27682 38.8244
0.277436 38.7405
0.278051 38.657
0.278666 38.5738
0.279281 38.491
0.279897 38.4087
0.280512 38.3268
0.281127 38.2455
0.281742 38.1647
0.282358 38.0846
0.282973 38.005
0.283588 37.9261
0.284203 37.8479
0.284819 37.7703
0.285434 37.693
0.286049 37.6168
0.286664 37.5414
0.28728 37.4668
0.287895 37.3929
0.28851 37.3199
0.289125 37.2476
0.289741 37.177
0.290356 37.1065
0.290971 37.0367
0.291586 36.9679
0.292202 36.8998
0.292817 36.8327
0.293432 36.7663
0.294047 36.7009
0.294663 36.6363
0.295278 36.574
0.295893 36.5112
0.296508 36.4493
0.297124 36.3883
0.297739 36.3282
0.298354 36.2705
0.298969 36.2122
0.299585 36.1548
0.3002 36.0982
0.300815 36.0443
0.301431 35.9896
0.302046 35.9357
0.302661 35.8846
0.303276 35.8325
0.303892 35.7812
0.304507 35.7329
0.305122 35.6834
0.305737 35.6348
0.306353 35.5892
0.306968 35.5423
0.307583 35.4985
0.308198 35.4533
0.308814 35.409
0.309429 35.3678
0.310044 35.3252
0.310659 35.2858
0.311275 35.2448
0.31189 35.2071
0.312505 35.1678
0.31312 35.1318
0.313736 35.0942
0.314351 35.0598
0.314966 35.0238
0.315581 34.9911
0.316197 34.9592
0.316812 34.9256
0.317427 34.8953
0.318042 34.8632
0.318658 34.8346
0.319273 34.8067
0.319888 34.7769
0.320503 34.7506
0.321119 34.7251
0.321734 34.6975
0.322349 34.6735
0.322964 34.6503
0.32358 34.6249
0.324195 34.6032
0.32481 34.5821
0.325425 34.5618
0.326041 34.5394
0.326656 34.5205
0.327271 34.5024
0.327886 34.4849
0.328502 34.4653
0.329117 34.4492
0.329732 34.4339
0.330347 34.4192
0.330963 34.4052
0.331578 34.3919
0.332193 34.3763
0.332808 34.3643
0.333424 34.3529
0.334039 34.3422
0.334654 34.3322
0.335269 34.3228
0.335885 34.3141
0.3365 34.3059
0.337115 34.2984
0.337731 34.2915
0.338346 34.2853
0.338961 34.2796
0.339576 34.2746
0.340192 34.2701
0.340807 34.2662
0.341422 34.263
0.342037 34.2603
0.342653 34.2581
0.343268 34.2566
0.343883 34.2556
0.344498 34.2552
0.345114 34.2554
0.345729 34.2561
0.346344 34.2573
0.346959 34.2591
0.347575 34.2615
0.34819 34.2644
0.348805 34.2678
0.34942 34.2745
0.350036 34.2789
0.350651 34.2839
0.351266 34.2894
0.351881 34.2954
0.352497 34.3019
0.353112 34.3115
0.353727 34.3189
0.354342 34.3269
0.354958 34.3353
0.355573 34.3467
0.356188 34.3561
0.356803 34.366
0.357419 34.3763
0.358034 34.3894
0.358649 34.4007
0.359264 34.4124
0.35988 34.4245
0.360495 34.4392
0.36111 34.4522
0.361725 34.4657
0.362341 34.4815
0.362956 34.4958
0.363571 34.5106
0.364186 34.5275
0.364802 34.543
0.365417 34.559
0.366032 34.5769
0.366647 34.5937
0.367263 34.6123
0.367878 34.6298
0.368493 34.6477
0.369108 34.6672
0.369724 34.6859
0.370339 34.706
0.370954 34.7254
0.371569 34.746
0.372185 34.7661
0.3728 34.7873
0.373415 34.8081
0.374031 34.8298
0.374646 34.8512
0.375261 34.8734
0.375876 34.8954
0.376492 34.9181
0.377107 34.9407
0.377722 34.9639
0.378337 34.9871
0.378953 35.0107
0.379568 35.0343
0.380183 35.0584
0.380798 35.0825
0.381414 35.1071
0.382029 35.1316
0.382644 35.1561
0.383259 35.1815
0.383875 35.2064
0.38449 35.2322
0.385105 35.2574
0.38572 35.2828
0.386336 35.3092
0.386951 35.3348
0.387566 35.3605
0.388181 35.3875
0.388797 35.4134
0.389412 35.4394
0.390027 35.4669
0.390642 35.4931
0.391258 35.5193
0.391873 35.5456
0.392488 35.5736
0.393103 35.6
0.393719 35.6264
0.394334 35.6529
0.394949 35.6813
0.395564 35.7079
0.39618 35.7344
0.396795 35.761
0.39741 35.7875
0.398025 35.8162
0.398641 35.8428
0.399256 35.8693
0.399871 35.8958
0.400486 35.9222
0.401102 35.9486
0.401717 35.9773
0.402332 36.0036
0.402947 36.0299
0.403563 36.056
0.404178 36.0821
0.404793 36.1081
0.405408 36.134
0.406024 36.1598
0.406639 36.188
0.407254 36.2135
0.407869 36.239
0.408485 36.2643
0.4091 36.2894
0.409715 36.3145
0.410331 36.3393
0.410946 36.364
0.411561 36.3885
0.412176 36.4129
0.412792 36.4371
0.413407 36.461
0.414022 36.4848
0.414637 36.5084
0.415253 36.5317
0.415868 36.5549
0.416483 36.5778
0.417098 36.6005
0.417714 36.6229
0.418329 36.6451
0.418944 36.667
0.419559 36.6887
0.420175 36.7101
0.42079 36.7312
0.421405 36.752
0.42202 36.7706
0.422636 36.7909
0.423251 36.8108
0.423866 36.8305
0.424481 36.8499
0.425097 36.8689
0.425712 36.8877
0.426327 36.906
0.426942 36.9225
0.427558 36.9403
0.428173 36.9577
0.428788 36.9747
0.429403 36.9914
0.430019 37.0078
0.430634 37.0237
0.431249 37.0381
0.431864 37.0534
0.43248 37.0683
0.433095 37.0828
0.43371 37.0969
0.434325 37.1097
0.434941 37.1231
0.435556 37.1361
0.436171 37.1487
0.436786 37.1601
0.437402 37.172
0.438017 37.1834
0.438632 37.1945
0.439247 37.2045
0.439863 37.2148
0.440478 37.2246
0.441093 37.2336
0.441708 37.2427
0.442324 37.2513
0.442939 37.2596
0.443554 37.2671
0.444169 37.2745
0.444785 37.2816
0.4454 37.288
0.446015 37.2942
0.446631 37.3001
0.447246 37.3053
0.447861 37.3104
0.448476 37.315
0.449092 37.3192
0.449707 37.323
0.450322 37.3264
0.450937 37.3295
0.451553 37.3322
0.452168 37.3344
0.452783 37.3364
0.453398 37.3379
0.454014 37.339
0.454629 37.3399
0.455244 37.3402
0.455859 37.3403
0.456475 37.3399
0.45709 37.3392
0.457705 37.3381
0.45832 37.3367
0.458936 37.3349
0.459551 37.3328
0.460166 37.3304
0.460781 37.3274
0.461397 37.3244
0.462012 37.3207
0.462627 37.317
0.463242 37.3126
0.463858 37.3083
0.464473 37.3032
0.465088 37.2983
0.465703 37.2925
0.466319 37.2865
0.466934 37.2806
0.467549 37.2739
0.468164 37.2674
0.46878 37.26
0.469395 37.253
0.47001 37.245
0.470625 37.2375
0.471241 37.2289
0.471856 37.22
0.472471 37.2117
0.473086 37.2022
0.473702 37.1935
0.474317 37.1834
0.474932 37.1731
0.475547 37.1636
0.476163 37.1528
0.476778 37.1429
0.477393 37.1315
0.478008 37.1199
0.478624 37.1094
0.479239 37.0972
0.479854 37.0849
0.480469 37.0738
0.481085 37.061
0.4817 37.0479
0.482315 37.0363
0.482931 37.0228
0.483546 37.0091
0.484161 36.997
0.484776 36.9829
0.485392 36.9686
0.486007 36.9561
0.486622 36.9415
0.487237 36.9266
0.487853 36.9115
0.488468 36.8985
0.489083 36.8831
0.489698 36.8676
0.490314 36.8519
0.490929 36.8384
0.491544 36.8224
0.492159 36.8063
0.492775 36.79
0.49339 36.7761
0.494005 36.7596
0.49462 36.743
0.495236 36.7262
0.495851 36.7119
0.496466 36.695
0.497081 36.6779
0.497697 36.6607
0.498312 36.6434
0.498927 36.6288
0.499542 36.6113
0.500158 36.5938
0.500773 36.5761
0.501388 36.5584
0.502003 36.5406
0.502619 36.5257
0.503234 36.5078
0.503849 36.4898
0.504464 36.4718
0.50508 36.4538
0.505695 36.4356
0.50631 36.4175
0.506925 36.3993
0.507541 36.384
0.508156 36.3657
0.508771 36.3474
0.509386 36.3291
0.510002 36.3107
0.510617 36.2923
0.511232 36.2739
0.511847 36.2555
0.512463 36.2371
0.513078 36.2187
0.513693 36.2032
0.514308 36.1847
0.514924 36.1663
0.515539 36.1478
0.516154 36.1294
0.516769 36.111
0.517385 36.0926
0.518 36.0741
0.518615 36.0557
0.519231 36.0374
0.519846 36.019
0.520461 36.0007
0.521076 35.9824
0.521692 35.9641
0.522307 35.9458
0.522922 35.9276
0.523537 35.9094
0.524153 35.8912
0.524768 35.8731
0.525383 35.855
0.525998 35.837
0.526614 35.819
0.527229 35.801
0.527844 35.783
0.528459 35.7651
0.529075 35.7473
0.52969 35.7295
0.530305 35.7117
0.53092 35.694
0.531536 35.6764
0.532151 35.6568
0.532766 35.6393
0.533381 35.6218
0.533997 35.6044
0.534612 35.587
0.535227 35.5697
0.535842 35.5524
0.536458 35.5352
0.537073 35.5181
0.537688 35.501
0.538303 35.484
0.538919 35.4656
0.539534 35.4487
0.540149 35.4319
0.540764 35.4151
0.54138 35.3984
0.541995 35.3818
0.54261 35.3652
0.543225 35.3487
0.543841 35.3312
0.544456 35.3149
0.545071 35.2986
0.545686 35.2823
0.546302 35.2662
0.546917 35.25
0.547532 35.2333
0.548147 35.2174
0.548763 35.2015
0.549378 35.1857
0.549993 35.1699
0.550608 35.1538
0.551224 35.1382
0.551839 35.1227
0.552454 35.1073
0.553069 35.0919
0.553685 35.0764
0.5543 35.0611
0.554915 35.046
0.555531 35.0309
0.556146 35.0158
0.556761 35.0009
0.557376 34.9861
0.557992 34.9712
0.558607 34.9565
0.559222 34.9421
0.559837 34.9275
0.560453 34.913
0.561068 34.8989
0.561683 34.8846
0.562298 34.8703
0.562914 34.8561
0.563529 34.8424
0.564144 34.8284
0.564759 34.8144
0.565375 34.8005
0.56599 34.7873
0.566605 34.7735
0.56722 34.7599
0.567836 34.747
0.568451 34.7334
0.569066 34.72
0.569681 34.7074
0.570297 34.6941
0.570912 34.6809
0.571527 34.6686
0.572142 34.6555
0.572758 34.6426
0.573373 34.6305
0.573988 34.6177
0.574603 34.605
0.575219 34.5932
0.575834 34.5806
0.576449 34.5681
0.577064 34.5566
0.57768 34.5443
0.578295 34.5329
0.57891 34.5207
0.579525 34.5086
0.580141 34.4976
0.580756 34.4856
0.581371 34.4737
0.581986 34.4629
0.582602 34.4511
0.583217 34.4405
0.583832 34.4289
0.584447 34.4174
0.585063 34.4069
0.585678 34.3956
0.586293 34.3853
0.586908 34.3741
0.587524 34.3639
0.588139 34.3529
0.588754 34.342
0.589369 34.332
0.589985 34.3212
0.5906 34.3114
0.591215 34.3007
0.591831 34.291
0.592446 34.2805
0.593061 34.2709
0.593676 34.2606
0.594292 34.2511
0.594907 34.241
0.595522 34.2316
0.596137 34.2216
0.596753 34.2123
0.597368 34.2025
0.597983 34.1928
0.598598 34.1836
0.599214 34.1741
0.599829 34.165
0.600444 34.156
0.601059 34.1467
0.601675 34.1377
0.60229 34.1286
0.602905 34.1197
0.60352 34.1107
0.604136 34.102
0.604751 34.0931
0.605366 34.0845
0.605981 34.0758
0.606597 34.0672
0.607212 34.0587
0.607827 34.0502
0.608442 34.0418
0.609058 34.0334
0.609673 34.025
0.610288 34.0168
0.610903 34.0085
0.611519 34.0005
0.612134 33.9923
0.612749 33.9844
0.613364 33.9763
0.61398 33.9681
0.614595 33.9605
0.61521 33.9524
0.615825 33.9449
0.616441 33.9369
0.617056 33.9288
0.617671 33.9216
0.618286 33.9136
0.618902 33.9065
0.619517 33.8986
0.620132 33.8907
0.620747 33.8838
0.621363 33.876
0.621978 33.8693
0.622593 33.8615
0.623208 33.8537
0.623824 33.8472
0.624439 33.8395
0.625054 33.8318
0.625669 33.8254
0.626285 33.8178
0.6269 33.8102
0.627515 33.804
0.628131 33.7964
0.628746 33.7888
0.629361 33.7828
0.629976 33.7753
0.630592 33.7678
0.631207 33.7619
0.631822 33.7545
0.632437 33.747
0.633053 33.7413
0.633668 33.7339
0.634283 33.7265
0.634898 33.721
0.635514 33.7136
0.636129 33.7063
0.636744 33.7008
0.637359 33.6935
0.637975 33.6862
0.63859 33.679
0.639205 33.6737
0.63982 33.6664
0.640436 33.6592
0.641051 33.654
0.641666 33.6468
0.642281 33.6396
0.642897 33.6324
0.643512 33.6274
0.644127 33.6202
0.644742 33.613
0.645358 33.6059
0.645973 33.6009
0.646588 33.5938
0.647203 33.5867
0.647819 33.5796
0.648434 33.5747
0.649049 33.5676
0.649664 33.5605
0.65028 33.5534
0.650895 33.5463
0.65151 33.5415
0.652125 33.5344
0.652741 33.5274
0.653356 33.5203
0.653971 33.5155
0.654586 33.5084
0.655202 33.5014
0.655817 33.4943
0.656432 33.4873
0.657047 33.4825
0.657663 33.4754
0.658278 33.4684
0.658893 33.4613
0.659508 33.4542
0.660124 33.4472
0.660739 33.4423
0.661354 33.4353
0.661969 33.4282
0.662585 33.4211
0.6632 33.414
0.663815 33.4069
0.664431 33.402
0.665046 33.3949
0.665661 33.3878
0.666276 33.3807
0.666892 33.3736
0.667507 33.3664
0.668122 33.3614
0.668737 33.3542
0.669353 33.347
0.669968 33.3398
0.670583 33.3327
0.671198 33.3255
0.671814 33.3182
0.672429 33.311
0.673044 33.3057
0.673659 33.2985
0.674275 33.2912
0.67489 33.2839
0.675505 33.2766
0.67612 33.2693
0.676736 33.2619
0.677351 33.2546
